highscore:,8934.0
average:,8266.516857142857
8504.0
8167.857142857143
8203.857142857143
8527.0
8749.0
7836.714285714286
8197.857142857143
8163.857142857143
8528.0
7807.714285714286
8158.857142857143
8542.0
8158.857142857143
8535.0
8154.857142857143
8361.857142857143
8518.0
8525.0
8538.0
8385.857142857143
8166.857142857143
8533.0
7833.714285714286
8155.857142857143
7498.571428571429
8515.0
8018.714285714286
8543.0
8151.857142857143
7797.714285714286
8179.857142857143
8151.857142857143
8406.857142857143
8221.714285714286
8541.0
7817.714285714286
8542.0
8152.857142857143
8170.857142857143
8511.0
8380.857142857143
8179.857142857143
8160.857142857143
8162.857142857143
7875.571428571429
8581.857142857143
8178.857142857143
8160.857142857143
8516.0
8364.857142857143
8523.0
8505.0
8164.857142857143
8728.0
8162.857142857143
8154.857142857143
8741.0
8531.0
8374.857142857143
8556.0
8527.0
8531.0
8733.0
7828.714285714286
8384.857142857143
8724.0
8239.714285714286
8740.0
8173.857142857143
8731.0
8502.0
8523.0
8516.0
7794.714285714286
7828.714285714286
8178.857142857143
8146.857142857143
8187.857142857143
7831.714285714286
8525.0
8354.857142857143
8725.0
8387.857142857143
7791.714285714286
8184.857142857143
8126.857142857143
8517.0
8529.0
8750.0
8510.0
8204.857142857143
8202.857142857143
8536.0
8505.0
8550.0
7824.714285714286
8517.0
8372.857142857143
8151.857142857143
8773.0
8173.857142857143
7838.714285714286
8516.0
8718.0
8540.0
8359.857142857143
8193.857142857143
8173.857142857143
8180.857142857143
7822.714285714286
8526.0
8392.857142857143
8205.857142857143
8509.0
7843.714285714286
8710.0
8183.857142857143
7828.714285714286
8360.857142857143
8172.857142857143
8162.857142857143
8171.857142857143
8141.857142857143
8534.0
7835.714285714286
8525.0
8144.857142857143
7839.714285714286
8385.857142857143
7803.714285714286
8368.857142857143
8189.857142857143
8528.0
8011.714285714286
8735.0
8201.857142857143
8168.857142857143
8533.0
8504.0
8158.857142857143
8176.857142857143
8164.857142857143
8521.0
8503.0
8741.0
8754.0
7795.714285714286
8731.0
8167.857142857143
8176.857142857143
7824.714285714286
8196.857142857143
8197.857142857143
8542.0
8171.857142857143
8143.857142857143
8562.857142857143
8168.857142857143
7799.714285714286
8143.857142857143
8156.857142857143
8525.0
8143.857142857143
8516.0
7813.714285714286
8532.0
8392.857142857143
8525.0
8163.857142857143
8500.0
8347.857142857143
7818.714285714286
8189.857142857143
8135.857142857143
8226.714285714286
8194.857142857143
8495.0
7801.714285714286
8497.0
8022.714285714286
8210.857142857143
8179.857142857143
8158.857142857143
8533.0
8357.857142857143
7859.714285714286
8395.857142857143
8534.0
7824.714285714286
8528.0
8143.857142857143
8542.0
8540.0
8509.0
8179.857142857143
7825.714285714286
8163.857142857143
8159.857142857143
8518.0
7800.714285714286
8527.0
8514.0
7796.714285714286
8168.857142857143
8532.0
8147.857142857143
8547.0
8390.857142857143
8167.857142857143
8496.0
8197.857142857143
8169.857142857143
8376.857142857143
8193.857142857143
8385.857142857143
7810.714285714286
8183.857142857143
8522.0
8517.0
8727.0
8529.0
8513.0
7826.714285714286
8173.857142857143
8171.857142857143
8151.857142857143
7448.571428571429
8155.857142857143
8525.0
8526.0
8204.857142857143
8164.857142857143
8187.857142857143
8161.857142857143
8514.0
7821.714285714286
8512.0
7810.714285714286
8546.0
7798.714285714286
7795.714285714286
7817.714285714286
8153.857142857143
8502.0
8536.0
7799.714285714286
8527.0
8581.857142857143
7802.714285714286
8159.857142857143
7802.714285714286
8172.857142857143
7836.714285714286
8498.0
8172.857142857143
8511.0
8532.0
8525.0
8202.857142857143
8509.0
8548.0
7811.714285714286
8372.857142857143
8361.857142857143
8184.857142857143
7829.714285714286
8179.857142857143
8186.857142857143
7810.714285714286
8190.857142857143
8163.857142857143
8530.0
7839.714285714286
8186.857142857143
8184.857142857143
8153.857142857143
8165.857142857143
7448.571428571429
8179.857142857143
8761.0
8525.0
8724.0
8366.857142857143
8176.857142857143
8027.714285714286
8167.857142857143
8189.857142857143
8169.857142857143
8389.857142857143
8539.0
8526.0
8199.857142857143
8200.857142857143
8163.857142857143
8509.0
8174.857142857143
8521.0
8164.857142857143
8514.0
8510.0
7825.714285714286
8173.857142857143
7487.571428571429
8168.857142857143
8141.857142857143
7895.571428571429
8172.857142857143
8137.857142857143
8531.0
8385.857142857143
8150.857142857143
8376.857142857143
8520.0
8544.0
8528.0
8545.0
8549.0
8520.0
8166.857142857143
8151.857142857143
8511.0
8549.0
8553.0
8161.857142857143
8171.857142857143
8167.857142857143
8525.0
8176.857142857143
8182.857142857143
8707.0
8489.0
8159.857142857143
7676.571428571429
8569.0
8521.0
8148.857142857143
8736.0
8539.0
8364.857142857143
8399.857142857143
7642.571428571429
8185.857142857143
8173.857142857143
8188.857142857143
8172.857142857143
8130.857142857143
7854.714285714286
8211.857142857143
8182.857142857143
8508.0
8184.857142857143
8206.857142857143
8168.857142857143
7850.714285714286
8217.857142857143
8548.0
8199.857142857143
7830.714285714286
8532.0
7450.571428571429
7149.285714285714
8551.0
8522.0
8149.857142857143
8538.0
8171.857142857143
8143.857142857143
8726.0
8710.0
8527.0
8531.0
8514.0
8566.857142857143
8181.857142857143
8527.0
8179.857142857143
8533.0
8511.0
8163.857142857143
8525.0
8536.0
8520.0
8533.0
8182.857142857143
7669.571428571429
8537.0
8573.857142857143
8761.0
8192.857142857143
8153.857142857143
8172.857142857143
8001.714285714286
8159.857142857143
8352.857142857143
8157.857142857143
8581.857142857143
8186.857142857143
8511.0
8348.857142857143
8540.0
8502.0
8196.857142857143
8166.857142857143
8177.857142857143
8159.857142857143
8512.0
8197.857142857143
8178.857142857143
7843.714285714286
7790.714285714286
8193.857142857143
8526.0
7805.714285714286
8171.857142857143
8524.0
7858.714285714286
7848.714285714286
8165.857142857143
8185.857142857143
8171.857142857143
8710.0
8365.857142857143
7851.571428571429
8128.857142857143
8184.857142857143
8509.0
8170.857142857143
8519.0
8710.0
8533.0
7856.714285714286
8150.857142857143
8549.0
8527.0
8152.857142857143
8536.0
7515.428571428571
7822.714285714286
8519.0
8490.0
8157.857142857143
8186.857142857143
8166.857142857143
8540.0
8178.857142857143
8358.857142857143
7646.571428571429
8165.857142857143
8536.0
8503.0
8516.0
8532.0
8151.857142857143
8511.0
8520.0
8511.0
8517.0
8170.857142857143
8184.857142857143
8530.0
8521.0
7814.714285714286
8540.0
8934.0
7852.571428571429
8499.0
7831.714285714286
8507.0
8494.0
8524.0
8195.714285714286
8509.0
8538.0
8533.0
8196.857142857143
7453.571428571429
8535.0
8150.857142857143
8513.0
8376.857142857143
8172.857142857143
8206.857142857143
7470.571428571429
8153.857142857143
8167.857142857143
8709.0
8364.857142857143
8175.857142857143
8524.0
8548.0
8374.857142857143
8545.0
8513.0
8165.857142857143
8153.857142857143
8188.857142857143
8165.857142857143
8398.857142857143
8367.857142857143
8508.0
8202.857142857143
8187.857142857143
7801.714285714286
8373.857142857143
8184.857142857143
8540.0
8526.0
8150.857142857143
8191.857142857143
8190.857142857143
8232.714285714286
8171.857142857143
7820.714285714286
8148.857142857143
8169.857142857143
8748.0
8156.857142857143
7818.714285714286
7789.714285714286
7444.571428571429
8515.0
8535.0
8127.857142857143
8509.0
8746.0
8537.0
8523.0
8192.857142857143
8365.857142857143
8174.857142857143
8154.857142857143
8520.0
7885.571428571429
8188.857142857143
8187.857142857143
8155.857142857143
8536.0
8165.857142857143
8144.857142857143
8152.857142857143
8524.0
8377.857142857143
8760.0
8534.0
8168.857142857143
8197.857142857143
8504.0
8501.0
8515.0
8166.857142857143
8180.857142857143
8174.857142857143
8532.0
7831.714285714286
8142.857142857143
8721.0
7833.714285714286
8173.857142857143
8402.857142857143
8197.857142857143
8164.857142857143
8516.0
8179.857142857143
8386.857142857143
8190.857142857143
8161.857142857143
8160.857142857143
8169.857142857143
8171.857142857143
8525.0
8167.857142857143
7803.714285714286
8534.0
8535.0
8167.857142857143
7851.714285714286
8142.857142857143
8727.0
8177.857142857143
7818.714285714286
7803.714285714286
8155.857142857143
7814.714285714286
8720.0
8369.857142857143
8148.857142857143
8519.0
8185.857142857143
7798.714285714286
8178.857142857143
7824.714285714286
8508.0
8511.0
8537.0
7831.714285714286
8530.0
8533.0
8174.857142857143
8158.857142857143
8154.857142857143
8545.0
8522.0
8169.857142857143
7870.571428571429
7824.714285714286
7829.714285714286
8163.857142857143
8168.857142857143
7804.714285714286
8185.857142857143
8539.0
8161.857142857143
8170.857142857143
8527.0
7837.714285714286
8517.0
7811.714285714286
8169.857142857143
8525.0
7841.714285714286
8158.857142857143
8500.0
8518.0
8509.0
8743.0
8182.857142857143
7810.714285714286
8188.857142857143
8185.857142857143
7824.714285714286
8147.857142857143
8175.857142857143
7812.714285714286
8165.857142857143
8513.0
8552.0
7471.571428571429
8395.857142857143
8139.857142857143
8519.0
8560.0
8183.857142857143
7855.571428571429
8151.857142857143
8237.714285714286
8183.857142857143
8144.857142857143
8170.857142857143
8362.857142857143
8560.0
8533.0
8190.857142857143
8168.857142857143
8177.857142857143
8169.857142857143
8353.857142857143
8205.857142857143
8182.857142857143
8526.0
8522.0
8201.857142857143
8516.0
8533.0
8189.857142857143
8523.0
8734.0
8164.857142857143
8171.857142857143
8160.857142857143
8153.857142857143
8532.0
8714.0
7775.714285714286
8550.0
8379.857142857143
8373.857142857143
7826.714285714286
7791.714285714286
8173.857142857143
7819.714285714286
7819.714285714286
8728.0
8152.857142857143
8715.0
7813.714285714286
8531.0
8739.0
8490.0
8388.857142857143
8164.857142857143
8192.857142857143
7495.571428571429
7847.714285714286
8417.857142857143
8153.857142857143
8169.857142857143
8537.0
8511.0
8726.0
8522.0
8376.857142857143
7818.714285714286
8530.0
8160.857142857143
8534.0
8156.857142857143
8377.857142857143
8380.857142857143
8155.857142857143
8503.0
8152.857142857143
8185.857142857143
8579.857142857143
8705.0
8148.857142857143
7658.571428571429
8166.857142857143
7812.714285714286
8355.857142857143
8183.857142857143
8526.0
8538.0
8180.857142857143
8372.857142857143
8398.857142857143
8375.857142857143
8183.857142857143
7827.714285714286
8360.857142857143
7488.571428571429
8149.857142857143
8548.0
8572.0
8386.857142857143
8134.857142857143
8529.0
7823.714285714286
8503.0
7448.571428571429
8569.0
7837.714285714286
8732.0
8519.0
7807.714285714286
8186.857142857143
8174.857142857143
8487.0
8171.857142857143
7820.714285714286
8166.857142857143
7813.714285714286
8512.0
8512.0
7825.714285714286
8551.0
8529.0
7809.714285714286
8166.857142857143
8481.0
8177.857142857143
8166.857142857143
8521.0
8148.857142857143
8160.857142857143
8536.0
7800.714285714286
8530.0
8498.0
8382.857142857143
8182.857142857143
8173.857142857143
7842.714285714286
8168.857142857143
8181.857142857143
8533.0
8500.0
8186.857142857143
8160.857142857143
7820.714285714286
8531.0
8136.857142857143
8155.857142857143
8165.857142857143
8172.857142857143
8497.0
7860.714285714286
8157.857142857143
8928.0
8541.0
8533.0
8376.857142857143
8153.857142857143
8162.857142857143
8728.0
8181.857142857143
8364.857142857143
8177.857142857143
8159.857142857143
7833.714285714286
8530.0
8161.857142857143
8173.857142857143
7796.714285714286
8152.857142857143
7815.714285714286
7807.714285714286
8179.857142857143
8516.0
8518.0
8523.0
7820.714285714286
8548.0
8193.857142857143
8185.857142857143
8725.0
8531.0
8525.0
8539.0
8734.0
8164.857142857143
8537.0
8163.857142857143
8173.857142857143
8498.0
7823.714285714286
7827.714285714286
8364.857142857143
8157.857142857143
8151.857142857143
8136.857142857143
8515.0
8699.0
7845.714285714286
8164.857142857143
8543.0
8528.0
8359.857142857143
8179.857142857143
8539.0
8509.0
8148.857142857143
8194.857142857143
8176.857142857143
8499.0
8743.0
8160.857142857143
8190.857142857143
7811.714285714286
8177.857142857143
8549.0
8581.857142857143
7796.714285714286
8172.857142857143
8542.0
8711.0
7809.714285714286
8037.714285714286
8154.857142857143
8725.0
8149.857142857143
7853.714285714286
7794.714285714286
8176.857142857143
8532.0
8567.0
8391.857142857143
8177.857142857143
8182.857142857143
8521.0
8208.857142857143
8495.0
8148.857142857143
8367.857142857143
8381.857142857143
8507.0
7833.714285714286
8196.857142857143
8546.0
8381.857142857143
8177.857142857143
8164.857142857143
8354.857142857143
7835.714285714286
8537.0
8402.857142857143
8202.857142857143
8756.0
8161.857142857143
7822.714285714286
8150.857142857143
8150.857142857143
7813.714285714286
7839.714285714286
8725.0
8169.857142857143
7826.714285714286
8158.857142857143
8035.714285714286
8149.857142857143
8158.857142857143
8148.857142857143
7782.714285714286
8194.857142857143
8188.857142857143
8765.0
8510.0
8528.0
8146.857142857143
8504.0
8161.857142857143
8518.0
8524.0
8153.857142857143
8529.0
8500.0
8198.857142857143
8157.857142857143
8564.0
8543.0
8029.714285714286
8188.857142857143
8175.857142857143
8706.0
8203.857142857143
8176.857142857143
8730.0
8153.857142857143
8175.857142857143
8165.857142857143
8163.857142857143
8181.857142857143
8518.0
8165.857142857143
7872.571428571429
8525.0
8144.857142857143
8489.0
8518.0
8503.0
8184.857142857143
8720.0
8537.0
8156.857142857143
8522.0
8372.857142857143
8203.714285714286
8520.0
8178.857142857143
8371.857142857143
8190.857142857143
8159.857142857143
8187.857142857143
8179.857142857143
8179.857142857143
8162.857142857143
8172.857142857143
8152.857142857143
7800.714285714286
8168.857142857143
7862.571428571429
8164.857142857143
8501.0
8188.857142857143
8171.857142857143
8528.0
7826.714285714286
8192.857142857143
8518.0
8541.0
8179.857142857143
8171.857142857143
8174.857142857143
8529.0
8157.857142857143
8174.857142857143
7826.714285714286
8163.857142857143
8544.0
7822.714285714286
8195.857142857143
7845.714285714286
8501.0
8150.857142857143
8711.0
8204.714285714286
8174.857142857143
8500.0
8772.0
8170.857142857143
8506.0
8502.0
8559.0
7802.714285714286
8540.0
8154.857142857143
8185.857142857143
8208.857142857143
8181.857142857143
8187.857142857143
8509.0
