highscore:,7216.640449438202
average:,6926.596505617978
6978.640449438202
6938.842696629214
6944.921348314607
7002.202247191011
6893.561797752809
7039.202247191011
6928.561797752809
6858.561797752809
6978.921348314607
6830.483146067416
6860.561797752809
7088.2808988764045
6876.842696629214
6893.561797752809
6872.561797752809
6849.561797752809
6897.561797752809
6964.921348314607
6874.842696629214
7112.2808988764045
7107.2808988764045
6873.842696629214
7002.921348314607
6887.561797752809
6888.842696629214
7120.2808988764045
6892.842696629214
6793.921348314607
6975.921348314607
6849.2808988764045
6980.921348314607
6931.640449438202
6899.842696629214
6798.202247191011
6948.921348314607
6856.2808988764045
7011.202247191011
6881.561797752809
6857.561797752809
6907.561797752809
6875.561797752809
6997.921348314607
6800.921348314607
6871.561797752809
6939.921348314607
6889.561797752809
7123.2808988764045
6983.202247191011
6981.921348314607
6895.561797752809
6803.483146067416
6856.561797752809
6853.561797752809
6868.561797752809
7027.202247191011
6909.561797752809
6885.561797752809
7024.921348314607
6860.2808988764045
6895.842696629214
7003.921348314607
6816.921348314607
6830.2808988764045
6943.640449438202
6990.921348314607
7010.921348314607
6984.921348314607
6907.561797752809
6894.561797752809
6815.202247191011
6904.561797752809
6887.561797752809
6982.921348314607
6902.561797752809
7010.202247191011
6999.921348314607
6812.483146067416
6901.842696629214
6767.202247191011
6898.842696629214
7082.0
6909.561797752809
6963.921348314607
6803.202247191011
6705.842696629214
6902.842696629214
6751.202247191011
6914.842696629214
7094.0
6778.483146067416
7090.2808988764045
6780.202247191011
6852.2808988764045
6893.561797752809
6897.842696629214
6926.561797752809
6923.561797752809
6881.561797752809
7080.2808988764045
6955.921348314607
6896.0
6946.640449438202
6903.561797752809
6991.202247191011
6806.202247191011
6927.842696629214
6881.842696629214
6896.0
6958.921348314607
6883.561797752809
6976.202247191011
6970.921348314607
7009.921348314607
7064.2808988764045
7000.921348314607
6954.921348314607
6983.921348314607
6959.921348314607
6905.842696629214
7002.921348314607
6973.921348314607
6940.842696629214
6882.561797752809
6949.0
7034.921348314607
6849.561797752809
6913.561797752809
6990.921348314607
6845.561797752809
7111.561797752809
6867.561797752809
6983.921348314607
6889.561797752809
6997.921348314607
7024.640449438202
6891.561797752809
6883.561797752809
6999.921348314607
7069.2808988764045
6950.640449438202
6930.842696629214
6904.561797752809
6775.483146067416
6875.561797752809
6888.561797752809
6921.561797752809
6919.842696629214
6916.842696629214
6870.561797752809
6905.561797752809
6898.561797752809
6876.561797752809
6983.921348314607
6787.202247191011
6897.561797752809
6876.561797752809
7075.2808988764045
6983.921348314607
6883.561797752809
6813.202247191011
6813.202247191011
7012.921348314607
7016.921348314607
6897.842696629214
6869.561797752809
6950.640449438202
6872.561797752809
6882.2808988764045
6885.561797752809
6968.640449438202
6757.202247191011
6922.561797752809
7029.921348314607
6905.561797752809
6880.561797752809
6965.921348314607
6870.842696629214
6949.921348314607
6911.561797752809
6946.921348314607
6840.0
6963.921348314607
6853.2808988764045
6995.921348314607
7008.921348314607
6890.842696629214
6985.921348314607
6918.561797752809
6879.561797752809
6925.842696629214
6988.921348314607
7005.921348314607
6855.561797752809
6770.483146067416
6952.561797752809
6980.921348314607
6816.2808988764045
6929.842696629214
6863.0
7077.2808988764045
6801.2808988764045
6766.202247191011
6882.2808988764045
6923.561797752809
6924.561797752809
6873.561797752809
7041.921348314607
6859.561797752809
6942.561797752809
7074.2808988764045
6820.202247191011
6738.202247191011
6882.561797752809
6878.561797752809
7024.921348314607
7140.0
6951.640449438202
6856.2808988764045
7027.202247191011
6924.842696629214
6919.561797752809
6870.561797752809
6882.842696629214
6878.2808988764045
6854.2808988764045
6905.842696629214
6982.921348314607
6884.842696629214
6964.921348314607
6932.2808988764045
7076.2808988764045
7016.921348314607
6852.561797752809
6970.640449438202
7000.640449438202
6869.561797752809
7013.921348314607
6887.561797752809
7011.921348314607
6991.921348314607
7018.921348314607
6961.921348314607
6767.202247191011
6908.0
6869.561797752809
6901.842696629214
6871.561797752809
7007.921348314607
6923.842696629214
6930.561797752809
7056.0
6858.483146067416
6946.921348314607
6902.561797752809
7000.921348314607
6976.921348314607
6876.842696629214
7033.202247191011
7061.2808988764045
6891.561797752809
6897.842696629214
6726.921348314607
6995.921348314607
6889.561797752809
6966.921348314607
6795.202247191011
6975.921348314607
6893.561797752809
7014.921348314607
6965.921348314607
6987.202247191011
7108.2808988764045
6982.921348314607
6892.561797752809
6988.921348314607
6892.2808988764045
6987.921348314607
6874.2808988764045
7004.921348314607
6826.202247191011
6815.483146067416
6785.202247191011
6986.640449438202
6982.921348314607
7037.921348314607
6989.921348314607
7011.640449438202
6994.921348314607
6989.921348314607
6805.202247191011
6995.202247191011
6886.561797752809
6908.561797752809
6810.483146067416
6779.202247191011
6833.483146067416
6992.921348314607
6820.202247191011
7009.202247191011
7073.2808988764045
6879.561797752809
6899.561797752809
6890.561797752809
6893.561797752809
7013.202247191011
6992.921348314607
6979.921348314607
6953.921348314607
6799.483146067416
6929.921348314607
7004.921348314607
6926.842696629214
6804.202247191011
6931.561797752809
6958.921348314607
6887.842696629214
6812.202247191011
6804.483146067416
7062.2808988764045
6790.202247191011
6961.640449438202
6989.640449438202
7020.202247191011
6880.561797752809
6793.483146067416
6837.483146067416
6935.842696629214
6992.921348314607
7011.921348314607
6958.921348314607
6741.921348314607
6982.640449438202
6980.921348314607
6922.561797752809
7083.2808988764045
6869.2808988764045
6895.561797752809
6904.561797752809
6864.561797752809
6972.921348314607
6884.561797752809
7110.2808988764045
6975.921348314607
7002.921348314607
6936.921348314607
6942.640449438202
6891.561797752809
6710.123595505618
6941.561797752809
6767.202247191011
6896.561797752809
6995.640449438202
7030.202247191011
6924.561797752809
7104.2808988764045
6976.921348314607
6880.561797752809
6771.483146067416
6869.2808988764045
6897.561797752809
6790.202247191011
6937.921348314607
6883.561797752809
6979.921348314607
6910.561797752809
6892.561797752809
7004.921348314607
6989.921348314607
6872.842696629214
6981.921348314607
7007.640449438202
6869.561797752809
6895.561797752809
7063.202247191011
6783.202247191011
6971.921348314607
6885.842696629214
6786.921348314607
6802.202247191011
7025.202247191011
6942.640449438202
6782.202247191011
6877.2808988764045
6923.561797752809
6964.921348314607
6905.561797752809
6752.202247191011
7020.921348314607
6783.202247191011
6985.921348314607
6965.921348314607
6774.202247191011
6717.842696629214
6871.2808988764045
6796.202247191011
7057.0
6847.561797752809
7053.202247191011
6894.842696629214
6982.921348314607
6896.561797752809
6953.640449438202
6903.842696629214
6980.921348314607
6974.921348314607
6915.561797752809
7015.921348314607
6701.123595505618
6952.640449438202
6884.561797752809
6955.640449438202
6882.561797752809
6980.921348314607
6860.561797752809
7026.640449438202
6990.202247191011
6876.561797752809
6751.202247191011
6906.842696629214
6796.202247191011
6787.483146067416
6905.842696629214
6885.561797752809
6917.561797752809
6899.561797752809
6778.483146067416
6692.123595505618
6989.640449438202
6946.921348314607
7216.640449438202
6884.561797752809
7182.640449438202
7014.202247191011
6904.842696629214
6778.202247191011
6965.921348314607
6999.921348314607
6900.842696629214
6960.842696629214
7126.2808988764045
6909.842696629214
6877.2808988764045
7023.202247191011
6879.561797752809
6792.202247191011
6925.2808988764045
6984.921348314607
6890.561797752809
7029.921348314607
6944.921348314607
6830.2808988764045
6768.202247191011
6951.640449438202
6917.640449438202
6955.921348314607
6823.202247191011
6893.561797752809
6906.561797752809
6883.561797752809
6864.2808988764045
6965.921348314607
7024.202247191011
6915.842696629214
6883.561797752809
7054.202247191011
6979.921348314607
6899.561797752809
6826.483146067416
6945.921348314607
6888.561797752809
6902.561797752809
7075.2808988764045
6989.921348314607
6825.202247191011
7017.921348314607
6951.640449438202
6967.921348314607
6973.640449438202
6876.2808988764045
6747.202247191011
6933.561797752809
6954.640449438202
6907.842696629214
6988.921348314607
6942.921348314607
6969.921348314607
6981.202247191011
6872.2808988764045
7102.2808988764045
7015.202247191011
6878.842696629214
6921.561797752809
6910.561797752809
6772.202247191011
6883.561797752809
6914.842696629214
6953.921348314607
6907.561797752809
6903.561797752809
6795.202247191011
6998.921348314607
6880.561797752809
6990.921348314607
6974.640449438202
6985.921348314607
6974.921348314607
6812.202247191011
6887.842696629214
7020.921348314607
6948.921348314607
7009.921348314607
6971.921348314607
6869.561797752809
6885.561797752809
6980.921348314607
6765.202247191011
6949.921348314607
6869.561797752809
6783.202247191011
7018.202247191011
6968.921348314607
6897.561797752809
6889.561797752809
6866.561797752809
7004.921348314607
6989.921348314607
7006.202247191011
7010.921348314607
6907.561797752809
7023.921348314607
6862.561797752809
6918.561797752809
7144.0
6817.202247191011
6981.921348314607
6952.921348314607
6990.921348314607
6748.921348314607
6801.202247191011
6882.2808988764045
6872.561797752809
6980.921348314607
7008.921348314607
7103.2808988764045
6904.842696629214
6965.921348314607
6754.202247191011
6848.2808988764045
6781.202247191011
6779.202247191011
6995.921348314607
7025.921348314607
7077.2808988764045
6858.842696629214
6918.842696629214
6880.2808988764045
6907.561797752809
6971.921348314607
7070.2808988764045
7001.921348314607
6774.921348314607
6911.561797752809
6984.921348314607
6900.842696629214
6726.202247191011
6885.561797752809
7024.202247191011
6897.561797752809
6949.842696629214
6970.640449438202
6942.640449438202
7010.921348314607
6892.561797752809
6854.2808988764045
6795.483146067416
6904.561797752809
6853.561797752809
6890.842696629214
6983.921348314607
6999.202247191011
6778.921348314607
6965.921348314607
6863.2808988764045
6928.842696629214
6950.921348314607
7010.921348314607
6985.921348314607
6775.483146067416
6854.2808988764045
7015.202247191011
6996.921348314607
6872.202247191011
6963.921348314607
6940.0
6880.561797752809
6985.921348314607
7012.202247191011
6895.561797752809
6842.0
6947.842696629214
6787.202247191011
6849.2808988764045
6960.921348314607
6860.561797752809
6992.921348314607
6948.640449438202
6905.561797752809
7008.921348314607
7078.2808988764045
6908.561797752809
6811.921348314607
6963.640449438202
6898.561797752809
6811.483146067416
6801.921348314607
6934.640449438202
6950.561797752809
6876.561797752809
7002.921348314607
6853.561797752809
6896.561797752809
7200.640449438202
6804.483146067416
6890.842696629214
6870.561797752809
6861.2808988764045
6895.842696629214
6986.921348314607
7081.2808988764045
7007.921348314607
6909.561797752809
6934.561797752809
6966.921348314607
6976.921348314607
6885.561797752809
7020.921348314607
6895.561797752809
6797.202247191011
7031.921348314607
6905.2808988764045
6796.202247191011
6959.921348314607
6867.561797752809
6814.202247191011
6991.921348314607
6911.561797752809
6769.202247191011
6899.561797752809
7010.921348314607
6848.2808988764045
6915.561797752809
6998.202247191011
6944.921348314607
6878.561797752809
6992.921348314607
6892.561797752809
6871.561797752809
7119.561797752809
6962.640449438202
7010.921348314607
6999.921348314607
6915.561797752809
7077.2808988764045
6862.561797752809
6879.561797752809
6835.2808988764045
7053.202247191011
6987.202247191011
6786.483146067416
7143.0
6798.202247191011
6880.2808988764045
6900.842696629214
6986.921348314607
6976.921348314607
6912.842696629214
6930.842696629214
6860.561797752809
6838.202247191011
6985.921348314607
6888.2808988764045
6814.483146067416
7002.921348314607
6980.921348314607
6878.561797752809
7000.921348314607
7002.640449438202
6776.202247191011
6977.921348314607
6865.2808988764045
6915.842696629214
6807.202247191011
7005.921348314607
6896.561797752809
6761.202247191011
7037.202247191011
6751.921348314607
6967.921348314607
6718.123595505618
6956.921348314607
6978.921348314607
6900.561797752809
6957.921348314607
6905.842696629214
7016.921348314607
6859.2808988764045
6890.561797752809
7045.202247191011
6818.921348314607
6784.202247191011
6917.640449438202
6803.202247191011
6914.842696629214
6967.921348314607
6908.842696629214
6984.202247191011
7001.921348314607
6903.561797752809
6968.921348314607
6839.561797752809
6810.202247191011
6993.921348314607
6847.561797752809
6920.842696629214
6881.842696629214
6881.561797752809
6989.921348314607
6960.921348314607
6965.640449438202
7022.202247191011
6989.640449438202
6920.561797752809
7021.921348314607
7117.561797752809
6897.842696629214
7051.0
7014.921348314607
7009.202247191011
6900.561797752809
7000.921348314607
6895.561797752809
7019.921348314607
6887.842696629214
7010.921348314607
7032.202247191011
6898.561797752809
6883.561797752809
6923.561797752809
6813.483146067416
7083.2808988764045
6817.483146067416
6803.202247191011
6775.483146067416
7009.921348314607
6808.483146067416
6985.640449438202
6916.561797752809
6882.561797752809
6868.561797752809
6926.842696629214
6979.921348314607
7082.2808988764045
6956.921348314607
6795.202247191011
6970.921348314607
6916.561797752809
6811.202247191011
6973.921348314607
6890.561797752809
6825.483146067416
6874.561797752809
6881.561797752809
6698.123595505618
7054.202247191011
6940.842696629214
7016.640449438202
7077.2808988764045
6979.640449438202
7008.202247191011
6964.921348314607
6836.76404494382
6951.921348314607
7079.2808988764045
6908.842696629214
6912.561797752809
6920.842696629214
7000.202247191011
6962.921348314607
6809.483146067416
7022.921348314607
6963.0
6930.0
7013.921348314607
6959.640449438202
6933.842696629214
6962.640449438202
6879.561797752809
6900.2808988764045
6990.921348314607
6757.921348314607
6917.0
7002.640449438202
7006.921348314607
6850.483146067416
7006.640449438202
6985.921348314607
6951.921348314607
6866.561797752809
6917.842696629214
6989.921348314607
7073.2808988764045
6996.921348314607
6883.561797752809
6867.561797752809
6873.2808988764045
7000.921348314607
6941.842696629214
6870.561797752809
6978.921348314607
6860.561797752809
6888.842696629214
6963.921348314607
6977.921348314607
7007.921348314607
7025.640449438202
6865.2808988764045
7014.921348314607
6994.202247191011
6987.921348314607
6920.2808988764045
6827.921348314607
7113.561797752809
6967.921348314607
6861.842696629214
7024.921348314607
6961.921348314607
6956.640449438202
6903.561797752809
7054.2808988764045
6971.921348314607
6797.202247191011
6911.842696629214
6818.202247191011
7004.202247191011
6995.921348314607
6866.561797752809
6769.202247191011
6979.640449438202
6908.561797752809
6890.561797752809
6806.483146067416
6816.202247191011
7003.921348314607
6976.921348314607
6949.921348314607
6956.640449438202
6981.921348314607
7099.2808988764045
6947.0
6902.561797752809
7015.921348314607
6950.640449438202
6940.921348314607
7002.921348314607
6878.561797752809
7042.2808988764045
7003.921348314607
7026.921348314607
7000.921348314607
6973.921348314607
7069.2808988764045
6771.202247191011
7013.921348314607
7017.640449438202
6892.561797752809
7001.921348314607
6984.921348314607
6894.561797752809
6768.202247191011
6859.2808988764045
6972.921348314607
7095.0
6973.921348314607
6882.842696629214
6870.561797752809
6928.921348314607
6769.921348314607
6882.842696629214
7003.202247191011
6991.640449438202
6835.483146067416
6967.202247191011
7027.640449438202
7073.2808988764045
6988.921348314607
6805.202247191011
7043.921348314607
6952.921348314607
6995.921348314607
6795.202247191011
6907.561797752809
6904.561797752809
6963.921348314607
6965.921348314607
6985.921348314607
6914.561797752809
6943.640449438202
6867.561797752809
7097.0
6958.921348314607
7000.921348314607
6889.842696629214
6819.202247191011
6955.640449438202
6749.202247191011
6886.561797752809
7015.921348314607
6819.483146067416
6900.842696629214
6836.483146067416
6914.842696629214
6986.640449438202
6998.921348314607
7099.2808988764045
6856.2808988764045
6921.842696629214
6969.921348314607
6958.921348314607
6829.483146067416
6880.842696629214
6985.921348314607
7001.921348314607
6868.561797752809
6784.202247191011
6792.921348314607
6879.561797752809
6894.561797752809
6985.921348314607
6807.483146067416
7001.921348314607
6915.842696629214
6922.842696629214
7002.921348314607
6869.561797752809
6962.921348314607
6892.561797752809
6956.561797752809
6969.921348314607
6786.483146067416
6867.561797752809
6880.561797752809
6904.842696629214
6969.921348314607
6867.561797752809
6981.921348314607
6867.561797752809
6967.921348314607
6898.2808988764045
6810.202247191011
6801.921348314607
6790.202247191011
7099.2808988764045
7026.202247191011
6975.921348314607
7005.921348314607
6798.202247191011
6988.921348314607
6896.561797752809
6956.921348314607
6790.202247191011
6967.921348314607
7014.202247191011
7128.0
6887.561797752809
7106.2808988764045
7004.921348314607
6908.561797752809
6873.561797752809
6810.202247191011
6869.561797752809
7019.921348314607
6979.921348314607
6782.202247191011
6908.561797752809
6895.561797752809
6897.2808988764045
7122.561797752809
6851.483146067416
7098.2808988764045
6986.202247191011
6854.561797752809
6869.842696629214
6955.921348314607
6997.921348314607
7007.921348314607
6864.561797752809
6790.202247191011
7007.921348314607
6969.640449438202
7011.921348314607
