highscore:,6834.2808988764045
average:,4813.513191011236
1483.4719101123594
5956.404494382023
1575.8314606741574
5678.168539325843
3915.8988764044943
5207.449438202247
3482.4606741573034
5328.449438202247
3091.303370786517
3891.8988764044943
6007.76404494382
3824.258426966292
6118.123595505618
6045.76404494382
5177.370786516854
5235.730337078652
6529.202247191011
6556.483146067416
4993.932584269663
6328.842696629214
5929.887640449438
1264.752808988764
4046.258426966292
3312.0224719101125
5702.966292134832
3372.1011235955057
3577.820224719101
5301.808988764045
4266.494382022472
5884.606741573034
5104.808988764045
6482.921348314607
3577.820224719101
6002.247191011236
4920.651685393258
6144.123595505618
4823.292134831461
6138.3258426966295
4038.9775280898884
4933.651685393258
5821.044943820225
6263.76404494382
3019.0224719101125
2108.3483146067415
2098.3483146067415
4993.213483146067
5399.089887640449
6498.483146067416
4965.932584269663
4698.932584269663
6007.483146067416
4984.932584269663
4513.494382022472
6036.561797752809
3683.8988764044943
3968.696629213483
1417.1123595505617
5901.887640449438
5072.292134831461
2730.2247191011234
3525.741573033708
1467.4719101123594
3192.6629213483147
6152.044943820225
5481.449438202247
5589.52808988764
4335.056179775281
4126.337078651685
5385.887640449438
4807.494382022472
3026.0224719101125
2435.426966292135
4654.651685393258
3539.741573033708
5172.651685393258
5431.089887640449
5697.168539325843
5684.887640449438
1932.9101123595506
4553.011235955056
5768.044943820225
4502.213483146067
4152.61797752809
5506.52808988764
4317.775280898876
6312.044943820225
5038.449438202247
5657.089887640449
1482.4719101123594
6331.76404494382
4790.292134831461
5479.168539325843
5232.730337078652
6418.404494382023
5946.404494382023
4190.415730337079
6464.921348314607
5990.966292134832
5846.123595505618
5130.089887640449
4335.056179775281
3449.179775280899
4153.134831460674
5842.606741573034
3512.4606741573034
1809.5505617977528
5749.247191011236
5994.685393258427
3312.0224719101125
5170.651685393258
3686.179775280899
2946.6629213483147
1985.9887640449442
5078.292134831461
5169.651685393258
5948.202247191011
6003.76404494382
5785.966292134832
5978.404494382023
6490.404494382023
5669.887640449438
5087.292134831461
3581.820224719101
5386.370786516854
6119.842696629214
5995.966292134832
5644.887640449438
4681.932584269663
5997.483146067416
5205.449438202247
6373.842696629214
1781.2696629213483
3315.820224719101
6101.3258426966295
6389.640449438202
1023.0337078651685
5674.887640449438
4847.292134831461
5452.168539325843
4237.415730337079
5366.089887640449
6554.76404494382
5774.966292134832
1474.4719101123594
6509.483146067416
1719.191011235955
5893.606741573034
4085.5393258426966
6041.842696629214
5981.685393258427
5943.685393258427
4899.651685393258
4101.337078651685
5454.168539325843
4879.573033707865
6098.76404494382
6058.76404494382
6188.404494382023
3588.5393258426966
3199.6629213483147
6422.921348314607
3425.8988764044943
2234.7078651685397
6444.202247191011
5253.730337078652
2092.3483146067415
4037.258426966292
5174.651685393258
3839.5393258426966
2360.067415730337
3267.741573033708
4904.85393258427
6118.842696629214
4653.85393258427
623.876404494382
3392.1011235955057
2650.865168539326
5161.370786516854
4856.573033707865
5338.089887640449
2860.5842696629215
1812.5505617977528
6074.561797752809
5585.3258426966295
6354.842696629214
2498.505617977528
6127.123595505618
3194.6629213483147
6137.404494382023
5396.089887640449
6267.561797752809
5157.089887640449
5095.089887640449
1364.1123595505617
4511.775280898876
3185.6629213483147
3348.1011235955057
6004.966292134832
5592.808988764045
6025.685393258427
6431.123595505618
2004.9887640449442
5179.651685393258
4038.9775280898884
6067.842696629214
5543.247191011236
6289.76404494382
3139.38202247191
5305.011235955056
4285.494382022472
5740.247191011236
6230.921348314607
5906.685393258427
6493.921348314607
3106.1011235955057
5946.606741573034
2759.2247191011234
4396.134831460674
5458.449438202247
3707.8988764044943
2732.2247191011234
6178.123595505618
6209.404494382023
5247.730337078652
5130.370786516854
5237.730337078652
4982.730337078652
3191.38202247191
3987.9775280898884
6207.483146067416
3348.1011235955057
5604.606741573034
5690.887640449438
2963.943820224719
4540.775280898876
4593.573033707865
4411.85393258427
2453.426966292135
6411.842696629214
4903.85393258427
6214.404494382023
5759.247191011236
511.51685393258424
5927.606741573034
3164.38202247191
5617.808988764045
6062.044943820225
3594.820224719101
4795.213483146067
5395.089887640449
5862.3258426966295
5853.3258426966295
5196.651685393258
6127.3258426966295
6516.202247191011
6211.404494382023
6374.561797752809
5502.730337078652
2300.7865168539324
2306.7865168539324
5893.606741573034
5716.966292134832
5542.52808988764
5486.247191011236
5775.247191011236
4305.775280898876
3466.179775280899
4657.134831460674
3908.61797752809
6141.3258426966295
6658.921348314607
5370.089887640449
6367.561797752809
2998.2247191011234
5653.887640449438
1143.3932584269662
4429.415730337079
6010.483146067416
4351.85393258427
1591.8314606741574
3509.4606741573034
5972.685393258427
5907.404494382023
6073.044943820225
5524.730337078652
4029.258426966292
5616.606741573034
2734.2247191011234
5502.449438202247
4439.415730337079
5862.808988764045
3086.303370786517
5651.887640449438
5538.52808988764
3382.1011235955057
4527.494382022472
4150.61797752809
6381.842696629214
5914.606741573034
5867.3258426966295
6035.561797752809
3757.258426966292
3362.1011235955057
3615.5393258426966
3941.8988764044943
6310.76404494382
6033.76404494382
5401.168539325843
5725.966292134832
6459.483146067416
4430.415730337079
3870.61797752809
6025.247191011236
2422.1460674157306
5204.449438202247
5539.966292134832
5939.168539325843
3829.5393258426966
6507.921348314607
5755.966292134832
4376.337078651685
5741.887640449438
3955.61797752809
5793.044943820225
4507.494382022472
4623.85393258427
3437.38202247191
2668.1460674157306
6120.3258426966295
4678.932584269663
4043.9775280898884
3302.0224719101125
6058.044943820225
5256.730337078652
6452.921348314607
2739.2247191011234
6224.483146067416
4424.134831460674
6480.123595505618
5904.123595505618
2961.943820224719
5632.887640449438
5372.808988764045
5677.168539325843
4575.775280898876
4609.85393258427
4669.134831460674
6417.921348314607
5750.966292134832
3241.741573033708
3898.61797752809
2740.2247191011234
5885.3258426966295
3597.820224719101
6686.921348314607
3200.6629213483147
3622.820224719101
2042.2696629213483
5487.449438202247
4923.651685393258
5756.966292134832
4870.85393258427
5286.011235955056
6087.044943820225
4234.696629213483
1936.7078651685397
5402.168539325843
4126.337078651685
3582.820224719101
6179.123595505618
4811.292134831461
6187.404494382023
2668.1460674157306
6178.404494382023
4913.651685393258
6416.404494382023
6398.123595505618
5236.168539325843
3583.820224719101
5887.3258426966295
5323.52808988764
3596.820224719101
6246.202247191011
5033.292134831461
5996.966292134832
6359.561797752809
6568.76404494382
2209.7078651685397
3481.4606741573034
4663.134831460674
6402.123595505618
2728.2247191011234
3807.5393258426966
5350.808988764045
5643.887640449438
6424.123595505618
6257.685393258427
5949.685393258427
3693.8988764044943
4988.730337078652
6441.123595505618
4273.775280898876
6401.921348314607
6230.685393258427
6496.483146067416
5499.168539325843
4634.134831460674
5479.449438202247
5671.606741573034
2419.1460674157306
6112.3258426966295
5989.966292134832
5674.887640449438
5622.089887640449
6188.123595505618
6200.202247191011
5638.887640449438
3781.258426966292
6046.76404494382
5680.887640449438
6235.202247191011
3234.741573033708
5689.123595505618
5357.808988764045
4282.977528089888
3463.179775280899
5241.247191011236
5443.887640449438
2042.067415730337
5659.887640449438
5200.651685393258
6499.483146067416
4115.337078651685
2443.426966292135
5325.730337078652
4012.9775280898884
4522.494382022472
6105.3258426966295
1134.3932584269662
5757.247191011236
2444.426966292135
3884.61797752809
694.9550561797753
6150.3258426966295
5481.247191011236
3899.61797752809
3967.9775280898884
2940.6629213483147
6430.921348314607
6297.561797752809
1356.1123595505617
4804.292134831461
4640.85393258427
5047.292134831461
3936.8988764044943
5702.685393258427
5390.370786516854
6463.202247191011
6219.685393258427
4965.932584269663
5786.247191011236
6210.404494382023
3084.303370786517
3822.5393258426966
3807.258426966292
1564.5505617977528
5843.3258426966295
4480.494382022472
2108.3483146067415
5546.247191011236
2921.5842696629215
6012.483146067416
2517.505617977528
5101.292134831461
4463.415730337079
5278.011235955056
5336.808988764045
5474.168539325843
1077.314606741573
2591.7865168539324
4833.573033707865
4269.775280898876
5053.292134831461
3681.179775280899
3533.5393258426966
1266.752808988764
6174.202247191011
5823.247191011236
4986.932584269663
5239.52808988764
4450.213483146067
3531.4606741573034
5890.123595505618
5635.808988764045
5867.921348314607
6477.921348314607
5300.730337078652
3553.741573033708
6055.044943820225
3167.6629213483147
2454.426966292135
3743.258426966292
6046.76404494382
5388.089887640449
2887.865168539326
4784.494382022472
6571.561797752809
6408.921348314607
4432.213483146067
1823.5505617977528
3031.0224719101125
4420.134831460674
5400.887640449438
5876.3258426966295
6262.561797752809
6322.76404494382
3869.820224719101
5506.449438202247
3756.258426966292
6163.842696629214
3515.4606741573034
1282.752808988764
6271.966292134832
5460.168539325843
5533.52808988764
3708.9775280898884
5298.730337078652
1142.3932584269662
4112.337078651685
6474.404494382023
2955.943820224719
5458.168539325843
6074.044943820225
4835.573033707865
5428.089887640449
6138.404494382023
6108.123595505618
5386.808988764045
2910.865168539326
3328.0224719101125
5545.52808988764
2780.505617977528
6588.561797752809
6025.483146067416
5021.730337078652
4033.258426966292
4309.775280898876
5107.573033707865
5598.606741573034
5167.651685393258
6019.247191011236
4073.3370786516853
4271.977528089888
5534.52808988764
2526.505617977528
6325.76404494382
5695.685393258427
4852.370786516854
3241.741573033708
5323.011235955056
6204.685393258427
6065.842696629214
4915.85393258427
3934.8988764044943
5665.887640449438
4431.415730337079
5778.966292134832
6443.123595505618
6341.3258426966295
6217.685393258427
6066.044943820225
3870.61797752809
5913.606741573034
2380.865168539326
4748.494382022472
4795.292134831461
5573.3258426966295
6485.202247191011
5362.606741573034
1473.4719101123594
5766.247191011236
1390.1123595505617
6628.842696629214
5144.370786516854
6038.76404494382
4774.213483146067
6164.404494382023
5526.247191011236
5306.011235955056
6223.2808988764045
5458.966292134832
6120.3258426966295
6230.966292134832
2458.426966292135
4638.85393258427
6017.966292134832
4773.494382022472
1782.2696629213483
4644.85393258427
5042.011235955056
2960.943820224719
4682.134831460674
5830.247191011236
3293.0224719101125
5231.651685393258
1183.6741573033707
4247.696629213483
4374.337078651685
2648.865168539326
2670.943820224719
2031.7078651685397
6194.123595505618
4712.134831460674
5614.3258426966295
2543.505617977528
2943.943820224719
3213.6629213483147
6019.76404494382
2660.865168539326
5468.168539325843
5815.3258426966295
6040.247191011236
3937.8988764044943
6320.2808988764045
4064.258426966292
4625.85393258427
3375.1011235955057
5658.404494382023
1263.752808988764
6148.606741573034
2032.9887640449442
6322.842696629214
3973.9775280898884
6305.483146067416
6053.561797752809
5755.966292134832
5877.606741573034
5738.247191011236
4848.573033707865
5267.52808988764
4226.696629213483
6115.3258426966295
6162.404494382023
1267.752808988764
6013.966292134832
3506.741573033708
5941.404494382023
6038.247191011236
3611.820224719101
3793.9775280898884
5778.247191011236
5049.292134831461
5779.247191011236
6184.123595505618
3289.0224719101125
6834.2808988764045
2679.865168539326
5813.52808988764
4588.494382022472
5940.966292134832
6439.202247191011
5494.449438202247
2159.629213483146
4340.85393258427
5265.730337078652
4757.213483146067
3729.179775280899
5422.887640449438
5800.52808988764
4968.932584269663
4957.651685393258
5731.966292134832
5432.168539325843
4379.134831460674
6142.404494382023
5539.52808988764
1766.2696629213483
5581.808988764045
2733.2247191011234
3743.4606741573034
4134.337078651685
4666.573033707865
4724.932584269663
4810.292134831461
5790.52808988764
6386.842696629214
6365.842696629214
3237.741573033708
4991.213483146067
6035.483146067416
6173.404494382023
4573.775280898876
4771.494382022472
2368.865168539326
3593.820224719101
5605.52808988764
5437.168539325843
582.5955056179776
5756.966292134832
5086.292134831461
6366.842696629214
5848.842696629214
5665.606741573034
4619.85393258427
5046.292134831461
3586.5393258426966
6309.842696629214
1684.9101123595506
5709.168539325843
6452.921348314607
1187.6741573033707
3184.6629213483147
5573.808988764045
4182.415730337079
5382.168539325843
6216.685393258427
4840.011235955056
5888.3258426966295
6380.842696629214
4242.696629213483
5852.3258426966295
2563.505617977528
1824.5505617977528
5521.52808988764
6094.76404494382
5996.247191011236
404.1573033707865
6482.202247191011
4779.494382022472
5225.730337078652
2751.2247191011234
6129.123595505618
4537.775280898876
4608.85393258427
2276.7078651685397
4125.134831460674
6302.842696629214
4446.415730337079
2783.505617977528
3569.5393258426966
6257.483146067416
5603.3258426966295
5402.089887640449
4632.651685393258
4611.573033707865
5592.808988764045
6030.044943820225
2649.865168539326
4023.258426966292
5471.449438202247
6000.966292134832
5026.730337078652
4570.775280898876
6408.842696629214
6565.2808988764045
1158.3932584269662
5302.011235955056
5928.685393258427
5297.808988764045
4879.573033707865
5755.247191011236
6026.76404494382
6505.483146067416
5973.483146067416
5611.808988764045
3312.820224719101
3913.61797752809
6159.123595505618
5975.483146067416
4458.134831460674
5556.808988764045
5922.887640449438
5818.3258426966295
3365.1011235955057
5886.404494382023
6336.842696629214
2851.5842696629215
3326.820224719101
6192.404494382023
6430.921348314607
5700.966292134832
4112.337078651685
5620.3258426966295
3304.0224719101125
4815.292134831461
2646.5842696629215
5934.685393258427
6415.842696629214
6279.76404494382
6285.2808988764045
4260.977528089888
5306.730337078652
3650.1011235955057
5863.606741573034
6176.123595505618
4070.0561797752807
4116.337078651685
6127.123595505618
3307.0224719101125
2312.067415730337
5282.52808988764
2876.303370786517
6154.606741573034
5990.76404494382
3551.5393258426966
6339.0
6542.483146067416
4457.134831460674
3104.1011235955057
4615.573033707865
6350.842696629214
5238.449438202247
3271.741573033708
4415.134831460674
1248.752808988764
4528.775280898876
4719.213483146067
6291.044943820225
6321.483146067416
6046.044943820225
1677.9101123595506
2421.1460674157306
5049.292134831461
6343.842696629214
5969.685393258427
5008.011235955056
3809.0561797752807
1544.5505617977528
5290.011235955056
5200.370786516854
5990.76404494382
4417.134831460674
6744.921348314607
6338.842696629214
5119.573033707865
5421.887640449438
5605.808988764045
3848.5393258426966
6223.685393258427
4954.370786516854
4620.85393258427
4764.494382022472
6119.842696629214
4501.213483146067
5475.247191011236
5749.168539325843
2422.1460674157306
5759.247191011236
2960.943820224719
4303.056179775281
4886.85393258427
4623.85393258427
6386.640449438202
4085.3370786516853
4675.134831460674
2970.943820224719
2388.1460674157306
6133.842696629214
6515.483146067416
1980.7078651685397
5970.966292134832
5660.887640449438
4425.932584269663
4134.61797752809
5832.3258426966295
6158.404494382023
5692.887640449438
4451.415730337079
6489.483146067416
4268.775280898876
4852.573033707865
5978.76404494382
5141.370786516854
5845.52808988764
5886.404494382023
5335.52808988764
1812.2696629213483
2991.2247191011234
5803.247191011236
5373.089887640449
6305.2808988764045
5514.247191011236
5745.247191011236
5165.370786516854
5186.651685393258
5977.966292134832
1896.629213483146
5419.168539325843
5513.247191011236
5738.966292134832
6778.483146067416
5663.887640449438
4696.730337078652
5547.730337078652
5695.966292134832
3579.5393258426966
4621.85393258427
5522.730337078652
5837.3258426966295
5594.606741573034
6516.483146067416
6245.483146067416
2299.7865168539324
5809.3258426966295
6010.76404494382
5750.449438202247
4581.573033707865
4225.696629213483
2769.505617977528
6266.483146067416
5477.449438202247
3484.4606741573034
6452.921348314607
6278.76404494382
4042.258426966292
5715.685393258427
6281.483146067416
5542.247191011236
3719.179775280899
5716.887640449438
4382.134831460674
5820.247191011236
3080.303370786517
3264.741573033708
6035.247191011236
5703.887640449438
2712.943820224719
6461.842696629214
6277.561797752809
3417.38202247191
4211.696629213483
5820.3258426966295
6517.2808988764045
4027.258426966292
4461.415730337079
5631.606741573034
5798.247191011236
5007.932584269663
5686.168539325843
6192.404494382023
4205.415730337079
6669.921348314607
4043.258426966292
6566.561797752809
5828.044943820225
6121.123595505618
1893.629213483146
3290.0224719101125
6193.123595505618
1280.752808988764
6152.842696629214
5676.606741573034
4890.573033707865
5764.887640449438
3007.741573033708
5934.404494382023
5898.606741573034
4093.775280898876
2765.943820224719
4647.85393258427
3495.4606741573034
1901.629213483146
4043.258426966292
3904.61797752809
5443.168539325843
2036.2696629213483
5958.685393258427
428.1573033707865
5341.52808988764
5204.932584269663
4639.651685393258
6248.685393258427
4680.932584269663
5148.370786516854
6171.921348314607
5014.932584269663
6238.685393258427
6037.76404494382
4122.61797752809
4520.494382022472
5889.404494382023
4717.213483146067
6511.2808988764045
3654.8988764044943
6552.2808988764045
5944.685393258427
3474.258426966292
6206.404494382023
3585.820224719101
4128.337078651685
5104.292134831461
5789.247191011236
4777.213483146067
4323.85393258427
5377.089887640449
5398.089887640449
6603.842696629214
4933.651685393258
6673.640449438202
6168.404494382023
