highscore:,7061.2808988764045
average:,6663.247
6045.247191011236
6735.921348314607
6586.561797752809
6490.202247191011
6723.202247191011
6624.842696629214
6635.561797752809
6507.483146067416
6744.202247191011
6494.483146067416
6410.123595505618
6613.561797752809
6614.561797752809
6459.842696629214
6619.561797752809
6782.483146067416
6759.202247191011
6736.202247191011
6619.842696629214
6936.640449438202
6798.483146067416
6831.561797752809
6544.76404494382
6495.921348314607
6912.640449438202
6955.921348314607
6475.921348314607
6821.2808988764045
6940.921348314607
6637.842696629214
6671.921348314607
6404.842696629214
6637.561797752809
6588.561797752809
6744.202247191011
6783.483146067416
6597.842696629214
6530.202247191011
6648.123595505618
6822.2808988764045
6458.202247191011
6802.2808988764045
6903.640449438202
6504.921348314607
6632.842696629214
6632.561797752809
6609.561797752809
6646.842696629214
6582.561797752809
6676.842696629214
6612.842696629214
6725.921348314607
6636.842696629214
6731.640449438202
6616.561797752809
6816.2808988764045
6670.842696629214
6890.561797752809
6748.202247191011
6739.202247191011
6722.202247191011
6813.2808988764045
6511.483146067416
6695.921348314607
6767.202247191011
6895.561797752809
6622.561797752809
6790.483146067416
6571.0
6571.483146067416
6576.2808988764045
6571.561797752809
6871.561797752809
6630.842696629214
6404.123595505618
6665.842696629214
6635.0
6465.123595505618
6767.202247191011
6256.685393258427
6655.842696629214
6878.561797752809
6553.483146067416
6892.2808988764045
6677.123595505618
6834.2808988764045
6730.921348314607
6847.561797752809
6693.921348314607
6720.921348314607
6671.921348314607
6647.842696629214
6764.921348314607
6752.202247191011
6736.921348314607
6764.202247191011
6751.202247191011
6610.842696629214
6828.0
6540.76404494382
6537.483146067416
6632.561797752809
6735.202247191011
6707.921348314607
6833.2808988764045
6826.202247191011
6737.202247191011
6953.921348314607
6680.0
6737.921348314607
6514.202247191011
6570.561797752809
6671.921348314607
6645.842696629214
6840.0
6769.483146067416
6750.921348314607
6423.123595505618
6851.0
6648.561797752809
6710.921348314607
6517.202247191011
6677.123595505618
6623.842696629214
6664.921348314607
6812.561797752809
6282.483146067416
6829.2808988764045
6371.842696629214
6503.202247191011
6437.123595505618
6579.2808988764045
6658.842696629214
6649.842696629214
6665.842696629214
6619.561797752809
6887.561797752809
6618.842696629214
6673.640449438202
6581.561797752809
6603.561797752809
6445.123595505618
6707.0
6595.483146067416
6742.202247191011
6457.921348314607
6856.561797752809
6678.921348314607
6494.921348314607
6628.842696629214
6573.483146067416
6582.2808988764045
6632.561797752809
6851.561797752809
6597.483146067416
6549.202247191011
6808.2808988764045
6551.561797752809
6682.921348314607
6751.202247191011
6581.2808988764045
6621.561797752809
6826.561797752809
6695.921348314607
6507.202247191011
6652.842696629214
6931.842696629214
6735.202247191011
6636.842696629214
6717.202247191011
6700.202247191011
6799.0
6536.202247191011
6686.921348314607
6658.921348314607
6616.561797752809
6603.561797752809
6694.921348314607
6763.202247191011
7061.2808988764045
6826.2808988764045
6644.842696629214
6645.842696629214
6459.202247191011
6762.921348314607
6712.921348314607
6460.202247191011
6601.561797752809
6675.842696629214
6570.2808988764045
6940.921348314607
6529.483146067416
6599.561797752809
6553.76404494382
6853.561797752809
6711.202247191011
6467.202247191011
6826.2808988764045
6207.404494382023
6509.483146067416
6635.842696629214
6836.561797752809
6611.561797752809
6797.0
6641.842696629214
6617.0
6632.640449438202
6818.2808988764045
6641.842696629214
6585.561797752809
6723.202247191011
6635.842696629214
6698.921348314607
6707.921348314607
6668.921348314607
6623.842696629214
6676.640449438202
6742.202247191011
6701.640449438202
6804.561797752809
6667.123595505618
6608.561797752809
6656.561797752809
6633.561797752809
6619.842696629214
6678.921348314607
6456.921348314607
6650.842696629214
6879.561797752809
6655.561797752809
6487.202247191011
6743.921348314607
6620.842696629214
6853.561797752809
6725.640449438202
6607.561797752809
6675.640449438202
6582.561797752809
6682.640449438202
6761.202247191011
6566.561797752809
6436.404494382023
6615.561797752809
6577.561797752809
6653.842696629214
6800.2808988764045
6606.842696629214
6596.2808988764045
6453.404494382023
6454.202247191011
6591.561797752809
6300.76404494382
6674.921348314607
6672.921348314607
6697.640449438202
6753.202247191011
6697.921348314607
6655.123595505618
6767.921348314607
6583.483146067416
6600.561797752809
6640.842696629214
6562.202247191011
6851.561797752809
6605.561797752809
6445.842696629214
6678.842696629214
6465.202247191011
6778.2808988764045
6472.685393258427
6467.123595505618
6627.921348314607
6693.921348314607
6590.842696629214
6753.921348314607
6570.561797752809
6505.483146067416
6459.921348314607
6657.561797752809
6868.561797752809
6832.2808988764045
6368.561797752809
6491.921348314607
6591.561797752809
6636.842696629214
6861.561797752809
6678.921348314607
6553.76404494382
6735.640449438202
6464.202247191011
6582.483146067416
6588.561797752809
6455.921348314607
6701.921348314607
6872.561797752809
6593.561797752809
6690.921348314607
6629.561797752809
6520.202247191011
6825.561797752809
6494.404494382023
6608.842696629214
6403.921348314607
6954.640449438202
6818.561797752809
6505.483146067416
6590.561797752809
6885.561797752809
6881.0
6760.202247191011
6605.842696629214
6649.842696629214
6807.2808988764045
6788.2808988764045
6570.561797752809
6925.0
6641.842696629214
6577.561797752809
6538.2808988764045
6422.404494382023
6632.842696629214
6842.2808988764045
6370.842696629214
6690.921348314607
6717.921348314607
6832.561797752809
6503.483146067416
6719.921348314607
6780.202247191011
6602.2808988764045
6833.2808988764045
6741.202247191011
6702.921348314607
6902.842696629214
6730.921348314607
6823.2808988764045
6576.561797752809
6841.561797752809
6961.921348314607
6586.76404494382
6680.921348314607
6611.561797752809
6466.202247191011
6973.921348314607
6661.640449438202
6705.202247191011
6581.2808988764045
6531.76404494382
6492.202247191011
6508.404494382023
6650.561797752809
6605.561797752809
6465.404494382023
6651.561797752809
6778.202247191011
6575.561797752809
6766.202247191011
6684.640449438202
6577.2808988764045
6630.561797752809
6614.2808988764045
6588.561797752809
6479.202247191011
6966.921348314607
6620.842696629214
6759.202247191011
6773.202247191011
6657.640449438202
6611.561797752809
6797.202247191011
6520.202247191011
6735.202247191011
6847.561797752809
6550.483146067416
6811.202247191011
6598.561797752809
6506.483146067416
6611.842696629214
6451.404494382023
6843.2808988764045
6696.921348314607
6381.842696629214
6841.2808988764045
6562.483146067416
6704.921348314607
6592.2808988764045
6526.483146067416
6729.921348314607
6793.483146067416
6786.483146067416
6607.561797752809
6650.561797752809
6479.404494382023
6713.921348314607
6788.2808988764045
6734.202247191011
6499.202247191011
6628.561797752809
6679.842696629214
6744.202247191011
6847.2808988764045
6656.842696629214
6454.123595505618
6597.561797752809
6524.483146067416
6737.921348314607
6786.2808988764045
6821.2808988764045
6302.76404494382
6574.561797752809
6719.921348314607
6972.921348314607
6673.561797752809
6789.561797752809
6510.202247191011
6592.483146067416
6829.2808988764045
6903.2808988764045
6614.561797752809
6457.921348314607
6920.640449438202
6429.123595505618
6879.561797752809
6611.842696629214
6738.202247191011
6558.76404494382
6882.561797752809
6866.561797752809
6752.483146067416
6271.76404494382
6439.202247191011
6866.561797752809
6476.202247191011
6665.123595505618
6560.483146067416
6772.202247191011
6766.921348314607
6890.0
6753.202247191011
6730.202247191011
6871.561797752809
6530.76404494382
6541.561797752809
6702.123595505618
6575.561797752809
6817.2808988764045
6741.202247191011
6604.842696629214
6671.921348314607
6523.202247191011
6457.123595505618
6320.76404494382
6870.561797752809
6454.202247191011
6738.202247191011
6723.921348314607
6614.2808988764045
6706.921348314607
6746.921348314607
6486.921348314607
6748.921348314607
6717.921348314607
6822.2808988764045
6577.483146067416
6682.842696629214
6596.561797752809
6629.561797752809
6877.640449438202
6654.640449438202
6518.76404494382
6585.561797752809
6570.561797752809
6595.561797752809
6705.921348314607
6785.202247191011
6565.76404494382
6709.921348314607
6633.842696629214
6937.921348314607
6429.921348314607
6730.202247191011
6602.842696629214
6279.483146067416
6710.921348314607
6582.561797752809
6606.0
6543.202247191011
6415.123595505618
6609.561797752809
6665.123595505618
6675.561797752809
6732.202247191011
6563.483146067416
6529.483146067416
6726.921348314607
6710.921348314607
6429.123595505618
6365.842696629214
6495.483146067416
6838.561797752809
6739.202247191011
6886.561797752809
6602.76404494382
6815.561797752809
6702.202247191011
6571.2808988764045
6586.561797752809
6599.561797752809
6662.842696629214
6592.2808988764045
6688.640449438202
6530.483146067416
6732.640449438202
6729.921348314607
6966.0
6646.921348314607
6403.640449438202
6621.842696629214
6693.921348314607
6600.2808988764045
6532.202247191011
6629.842696629214
6735.921348314607
6939.921348314607
6805.2808988764045
6758.921348314607
6727.202247191011
6791.2808988764045
6874.0
6672.921348314607
6585.561797752809
6520.483146067416
6527.483146067416
6897.640449438202
6366.561797752809
6746.202247191011
6557.561797752809
6629.561797752809
6775.2808988764045
6614.842696629214
6710.202247191011
6697.202247191011
6938.921348314607
6543.921348314607
6769.202247191011
6688.921348314607
6688.921348314607
6656.842696629214
6847.2808988764045
6467.202247191011
7037.202247191011
6555.483146067416
6459.202247191011
6508.483146067416
6705.921348314607
6387.561797752809
6854.561797752809
6616.561797752809
6889.842696629214
6758.921348314607
6620.842696629214
6759.640449438202
6608.561797752809
6602.561797752809
6694.921348314607
6535.202247191011
6722.921348314607
6475.483146067416
6618.842696629214
6482.404494382023
6446.404494382023
6578.561797752809
6713.921348314607
6642.561797752809
6541.561797752809
6497.202247191011
6643.842696629214
6596.483146067416
6814.2808988764045
6685.640449438202
6793.202247191011
6274.483146067416
6533.202247191011
6547.76404494382
6593.0
6852.561797752809
6677.921348314607
6591.483146067416
6499.921348314607
6825.2808988764045
6615.842696629214
6635.842696629214
6773.202247191011
6957.921348314607
6434.123595505618
6856.561797752809
6682.640449438202
6918.921348314607
6388.123595505618
6646.842696629214
6653.921348314607
6797.202247191011
6602.561797752809
6675.123595505618
6744.202247191011
6934.921348314607
6847.2808988764045
6712.202247191011
6463.123595505618
6737.921348314607
6594.561797752809
6804.561797752809
6635.842696629214
6838.561797752809
6632.640449438202
6795.483146067416
6657.842696629214
6773.202247191011
6600.483146067416
6647.842696629214
6667.123595505618
6543.2808988764045
6706.921348314607
6436.921348314607
6688.842696629214
6791.2808988764045
6544.2808988764045
6429.123595505618
6622.561797752809
6598.842696629214
6815.2808988764045
6827.2808988764045
6671.921348314607
6761.202247191011
6668.842696629214
6719.921348314607
6515.483146067416
6523.2808988764045
6668.561797752809
6477.123595505618
6724.921348314607
6405.123595505618
6647.640449438202
6473.921348314607
6482.202247191011
6773.921348314607
6669.921348314607
6634.842696629214
6626.2808988764045
6427.123595505618
6683.123595505618
6564.483146067416
6463.123595505618
6755.202247191011
6839.0
6600.561797752809
6674.842696629214
6869.0
6746.202247191011
6568.2808988764045
6560.2808988764045
6613.842696629214
6541.2808988764045
6915.0
6703.921348314607
6883.640449438202
6502.483146067416
6600.561797752809
6410.842696629214
6611.2808988764045
6902.640449438202
6819.2808988764045
6772.202247191011
6600.561797752809
6685.640449438202
6600.561797752809
6453.202247191011
6792.483146067416
6793.202247191011
6749.202247191011
6535.483146067416
6675.640449438202
6538.483146067416
6805.2808988764045
6631.842696629214
6725.921348314607
6816.2808988764045
6466.202247191011
6668.842696629214
6602.561797752809
6635.842696629214
6508.202247191011
6728.921348314607
6520.483146067416
6702.123595505618
6511.921348314607
6694.921348314607
6812.202247191011
6902.561797752809
6505.202247191011
6744.921348314607
6699.640449438202
6758.921348314607
6684.640449438202
6683.921348314607
6770.2808988764045
6561.483146067416
6842.2808988764045
6554.483146067416
6721.202247191011
6685.123595505618
6858.0
6619.842696629214
6730.921348314607
6695.202247191011
6532.483146067416
6574.561797752809
6617.561797752809
6636.561797752809
6612.842696629214
6548.561797752809
6659.561797752809
6616.561797752809
6765.483146067416
6541.483146067416
6615.2808988764045
6578.202247191011
6897.0
6877.0
6511.202247191011
6541.483146067416
6715.921348314607
6651.842696629214
6676.921348314607
6727.202247191011
6751.202247191011
6714.921348314607
6606.561797752809
6709.921348314607
6896.0
6852.561797752809
6818.2808988764045
6721.640449438202
6763.921348314607
6630.842696629214
6533.2808988764045
6760.202247191011
6716.921348314607
6816.561797752809
6682.921348314607
6757.921348314607
6529.202247191011
6732.202247191011
6760.921348314607
6336.842696629214
6879.842696629214
6615.842696629214
6784.2808988764045
6625.842696629214
6664.842696629214
6625.561797752809
6809.0
6833.561797752809
6733.202247191011
6620.842696629214
6957.640449438202
6573.483146067416
6641.123595505618
6668.921348314607
6704.921348314607
6711.202247191011
6530.483146067416
6680.842696629214
6511.202247191011
6594.561797752809
6497.921348314607
6734.202247191011
6847.2808988764045
6733.921348314607
6934.921348314607
6745.202247191011
6543.2808988764045
6530.202247191011
6860.561797752809
6314.76404494382
6728.202247191011
6595.2808988764045
6488.2808988764045
6767.483146067416
6754.202247191011
6724.202247191011
6491.202247191011
6827.2808988764045
6771.202247191011
6730.640449438202
6597.2808988764045
6702.202247191011
6886.640449438202
6665.842696629214
6634.842696629214
6747.202247191011
6860.0
6560.561797752809
6907.0
6578.76404494382
6566.561797752809
6520.483146067416
6588.561797752809
6435.842696629214
6804.0
6534.2808988764045
6749.921348314607
6598.561797752809
6858.2808988764045
6707.921348314607
6596.561797752809
6730.921348314607
6554.483146067416
6522.483146067416
6734.921348314607
6820.2808988764045
6604.561797752809
6726.202247191011
6683.921348314607
6486.202247191011
6732.202247191011
6419.921348314607
6573.561797752809
6960.921348314607
6563.561797752809
6893.561797752809
6703.202247191011
6622.561797752809
6564.483146067416
6862.0
6556.76404494382
6634.842696629214
6677.921348314607
6427.404494382023
6200.404494382023
7019.921348314607
6683.123595505618
6565.76404494382
6528.202247191011
6743.202247191011
6566.561797752809
6724.921348314607
6808.561797752809
6443.404494382023
6621.842696629214
6741.921348314607
6736.202247191011
6831.2808988764045
6463.921348314607
6582.561797752809
6708.921348314607
6596.842696629214
6733.202247191011
6625.561797752809
6744.202247191011
6754.202247191011
6678.640449438202
6700.202247191011
6711.921348314607
6513.202247191011
6823.561797752809
6854.0
6502.483146067416
6819.2808988764045
6507.483146067416
6651.0
6386.123595505618
6730.921348314607
6721.202247191011
6832.0
6672.123595505618
6700.123595505618
6793.2808988764045
6472.483146067416
6441.842696629214
6501.202247191011
6587.561797752809
6839.561797752809
6612.561797752809
6594.561797752809
6728.921348314607
6750.921348314607
6592.2808988764045
6815.561797752809
6570.561797752809
6597.561797752809
6663.921348314607
6653.842696629214
6571.561797752809
6593.2808988764045
6803.561797752809
6707.123595505618
6496.921348314607
6629.842696629214
6531.483146067416
6796.2808988764045
6300.561797752809
6452.123595505618
6704.202247191011
6725.0
6610.2808988764045
6613.561797752809
6602.561797752809
6982.0
6853.561797752809
6689.842696629214
6266.202247191011
6710.921348314607
6534.202247191011
6400.123595505618
6673.842696629214
6841.2808988764045
6740.921348314607
6740.921348314607
6701.921348314607
6562.483146067416
6867.561797752809
6581.561797752809
6742.921348314607
6518.483146067416
6775.921348314607
6667.842696629214
6552.2808988764045
6595.2808988764045
6949.640449438202
6719.921348314607
6666.640449438202
6569.561797752809
6746.921348314607
6728.202247191011
6715.921348314607
6743.202247191011
6829.561797752809
6885.0
6484.921348314607
6636.2808988764045
6826.0
6873.561797752809
6548.2808988764045
6832.561797752809
6771.202247191011
6633.561797752809
6688.921348314607
6661.842696629214
6805.2808988764045
6795.202247191011
6973.202247191011
6391.123595505618
6761.921348314607
6873.561797752809
6693.842696629214
6559.76404494382
6478.202247191011
6708.202247191011
6621.561797752809
6720.921348314607
6619.842696629214
6820.561797752809
6486.202247191011
6680.921348314607
6857.2808988764045
6832.561797752809
6737.0
6605.561797752809
6699.202247191011
6477.123595505618
6671.123595505618
6538.2808988764045
6955.921348314607
6996.921348314607
6714.921348314607
6635.842696629214
6694.921348314607
6420.842696629214
6467.202247191011
6746.123595505618
6723.921348314607
6668.921348314607
6490.483146067416
6461.921348314607
6747.202247191011
6824.2808988764045
6698.921348314607
6607.2808988764045
6873.561797752809
6574.2808988764045
6687.921348314607
6823.2808988764045
6666.921348314607
6677.842696629214
6749.921348314607
6520.483146067416
6398.842696629214
6900.842696629214
6742.921348314607
