highscore:,5677.202247191011
average:,4894.627505617978
4892.168539325843
5194.966292134832
4779.247191011236
4620.606741573034
5058.606741573034
5158.76404494382
4690.247191011236
4914.168539325843
5133.966292134832
4818.887640449438
5056.606741573034
4706.52808988764
4722.247191011236
5285.123595505618
5078.3258426966295
4831.887640449438
5393.404494382023
5152.168539325843
4656.449438202247
5274.3258426966295
4799.089887640449
5253.247191011236
4871.168539325843
4967.52808988764
4419.932584269663
5050.3258426966295
4956.52808988764
4227.213483146067
4873.685393258427
5359.404494382023
5162.966292134832
4410.651685393258
5179.685393258427
4801.808988764045
4431.730337078652
4944.449438202247
5080.887640449438
4949.247191011236
5108.887640449438
5016.044943820225
4737.52808988764
5290.3258426966295
5035.3258426966295
5131.404494382023
5257.76404494382
5154.685393258427
5058.123595505618
4633.449438202247
4601.651685393258
4677.730337078652
5149.685393258427
5286.247191011236
4800.52808988764
5264.044943820225
4663.651685393258
4861.685393258427
4885.685393258427
4752.52808988764
5125.404494382023
4356.85393258427
4777.808988764045
5305.842696629214
5116.685393258427
5290.044943820225
4645.449438202247
5169.966292134832
4717.247191011236
5397.887640449438
4862.606741573034
5077.606741573034
4829.370786516854
5022.808988764045
4760.52808988764
4634.449438202247
4967.247191011236
4847.404494382023
4943.966292134832
4803.089887640449
4832.3258426966295
4828.887640449438
4860.089887640449
4990.044943820225
5134.404494382023
4853.685393258427
5121.685393258427
4939.449438202247
5286.3258426966295
4814.606741573034
5032.3258426966295
4775.808988764045
5347.123595505618
5055.606741573034
4666.449438202247
5094.404494382023
4722.247191011236
4985.247191011236
4379.651685393258
5133.887640449438
4745.247191011236
4944.168539325843
5147.685393258427
4824.089887640449
5047.3258426966295
4806.808988764045
4839.089887640449
5070.606741573034
4609.887640449438
4752.247191011236
5185.449438202247
5230.966292134832
5311.123595505618
5108.123595505618
4263.292134831461
4932.247191011236
5071.606741573034
5072.404494382023
4555.292134831461
4706.247191011236
4262.292134831461
5166.966292134832
4787.808988764045
4863.089887640449
4766.808988764045
4587.573033707865
4648.651685393258
5060.52808988764
4100.85393258427
4893.685393258427
4946.76404494382
4739.730337078652
4759.3258426966295
4661.168539325843
5154.685393258427
5135.685393258427
4665.449438202247
4574.089887640449
4738.247191011236
4528.011235955056
4411.932584269663
4551.808988764045
4509.52808988764
5078.3258426966295
4804.606741573034
5164.168539325843
4972.247191011236
4775.808988764045
4604.168539325843
4118.651685393258
5141.685393258427
4638.168539325843
5266.52808988764
5092.404494382023
4818.808988764045
4974.52808988764
5074.606741573034
4955.730337078652
5020.3258426966295
5354.404494382023
5111.404494382023
4758.52808988764
4822.606741573034
5527.044943820225
4773.52808988764
4698.168539325843
4720.730337078652
4728.52808988764
4979.449438202247
5275.3258426966295
4736.011235955056
5103.404494382023
4931.966292134832
5334.123595505618
4975.247191011236
5257.3258426966295
4933.966292134832
5206.247191011236
4587.089887640449
4936.449438202247
5246.76404494382
4588.370786516854
5013.3258426966295
4883.168539325843
4755.3258426966295
4485.808988764045
5225.247191011236
5157.966292134832
4584.370786516854
4801.887640449438
4587.887640449438
5000.76404494382
5355.685393258427
4533.808988764045
4540.011235955056
4842.606741573034
4534.089887640449
5172.966292134832
5431.404494382023
4965.247191011236
4996.3258426966295
4937.449438202247
4701.247191011236
4607.887640449438
5173.966292134832
4969.685393258427
4681.966292134832
4773.247191011236
5401.685393258427
4819.808988764045
4921.966292134832
4893.887640449438
4948.449438202247
4773.606741573034
4923.449438202247
3923.134831460674
4774.606741573034
5677.202247191011
4628.651685393258
4852.606741573034
4474.011235955056
5304.044943820225
4378.651685393258
5000.044943820225
4674.730337078652
4778.52808988764
4629.370786516854
4594.606741573034
4917.168539325843
4536.089887640449
5105.887640449438
4377.370786516854
5182.044943820225
5036.3258426966295
4456.011235955056
4543.089887640449
4505.011235955056
5299.044943820225
4961.76404494382
4769.3258426966295
4793.52808988764
4742.044943820225
4777.808988764045
4638.887640449438
4790.808988764045
4631.651685393258
5032.808988764045
4409.730337078652
4853.3258426966295
4674.247191011236
4704.449438202247
5036.52808988764
4575.370786516854
5212.561797752809
4685.449438202247
5035.3258426966295
5141.404494382023
4355.651685393258
4465.011235955056
5047.123595505618
5053.606741573034
4973.76404494382
4922.168539325843
4844.089887640449
4724.52808988764
5106.887640449438
5067.3258426966295
4952.247191011236
4630.651685393258
5071.089887640449
4736.52808988764
5349.606741573034
5001.52808988764
5131.887640449438
5200.76404494382
4736.730337078652
4909.966292134832
4976.247191011236
4715.52808988764
4933.685393258427
5031.52808988764
4860.606741573034
4971.044943820225
4827.606741573034
5272.044943820225
4968.449438202247
4613.887640449438
4821.606741573034
5425.483146067416
4757.247191011236
4557.808988764045
4787.3258426966295
4749.808988764045
5048.606741573034
4789.606741573034
4850.685393258427
5227.76404494382
5277.247191011236
5242.044943820225
4701.730337078652
4367.370786516854
5065.606741573034
4873.404494382023
5227.044943820225
4588.52808988764
4251.089887640449
5044.606741573034
4878.685393258427
4923.449438202247
4973.247191011236
5178.685393258427
4563.089887640449
5216.76404494382
4741.52808988764
4640.651685393258
4656.449438202247
4448.449438202247
4763.52808988764
4585.808988764045
5417.404494382023
5199.966292134832
4908.966292134832
5013.3258426966295
4963.247191011236
4896.887640449438
5005.247191011236
4413.932584269663
4979.3258426966295
4542.887640449438
4562.685393258427
5114.606741573034
5154.966292134832
5105.123595505618
4845.483146067416
4692.449438202247
4492.730337078652
4953.168539325843
5151.685393258427
4414.932584269663
4991.247191011236
4474.808988764045
4674.168539325843
4972.966292134832
5295.842696629214
4809.3258426966295
4441.011235955056
4756.730337078652
5076.887640449438
4725.247191011236
4976.247191011236
4728.247191011236
4568.573033707865
4689.966292134832
5100.606741573034
4809.808988764045
5033.044943820225
4997.52808988764
4896.887640449438
4525.089887640449
4825.606741573034
4654.168539325843
4499.011235955056
4758.247191011236
4814.808988764045
5174.168539325843
5370.202247191011
5071.808988764045
4996.966292134832
5082.887640449438
4776.52808988764
5281.044943820225
4369.651685393258
4429.730337078652
4349.370786516854
4622.168539325843
4908.168539325843
4389.85393258427
4965.730337078652
5015.52808988764
4713.247191011236
4883.887640449438
4786.52808988764
5112.606741573034
5069.089887640449
5075.123595505618
5077.808988764045
4984.044943820225
4675.247191011236
4808.887640449438
4978.966292134832
5057.606741573034
4402.932584269663
4962.247191011236
4837.606741573034
5093.887640449438
4847.685393258427
4766.606741573034
4577.370786516854
5081.606741573034
5230.247191011236
4744.247191011236
5094.887640449438
3178.38202247191
5298.044943820225
4583.370786516854
4881.887640449438
5002.3258426966295
4786.52808988764
5148.685393258427
4710.247191011236
4894.685393258427
4870.168539325843
4965.52808988764
4925.966292134832
4966.966292134832
5039.3258426966295
4734.044943820225
4707.52808988764
5081.606741573034
4813.52808988764
5498.76404494382
5111.404494382023
4943.966292134832
5126.606741573034
5169.685393258427
4856.685393258427
5278.842696629214
4964.247191011236
4586.089887640449
5245.044943820225
4989.044943820225
5392.404494382023
5275.044943820225
5286.3258426966295
4991.52808988764
4628.449438202247
4464.730337078652
4404.168539325843
4958.52808988764
4795.3258426966295
5065.3258426966295
5223.966292134832
5075.52808988764
4985.449438202247
5470.76404494382
5040.52808988764
4933.966292134832
5094.606741573034
4964.247191011236
4677.449438202247
4793.606741573034
4998.3258426966295
4924.247191011236
4808.606741573034
4994.044943820225
5049.247191011236
4833.887640449438
4456.730337078652
5204.247191011236
5238.044943820225
5368.404494382023
4701.247191011236
4745.808988764045
4929.247191011236
4667.247191011236
4894.685393258427
5092.606741573034
4792.606741573034
5020.044943820225
4236.494382022472
5371.404494382023
5337.404494382023
4709.730337078652
5270.044943820225
4759.606741573034
5151.966292134832
4745.52808988764
4469.808988764045
4931.168539325843
4556.089887640449
4965.52808988764
4657.449438202247
5032.52808988764
5044.3258426966295
5018.606741573034
4968.247191011236
4825.606741573034
4823.606741573034
4986.52808988764
4762.011235955056
5204.966292134832
4603.370786516854
5253.044943820225
4593.606741573034
4487.52808988764
4489.730337078652
4999.52808988764
5002.044943820225
5174.966292134832
4554.887640449438
4464.730337078652
4951.247191011236
4936.449438202247
4243.011235955056
5303.842696629214
4990.52808988764
5202.685393258427
4849.887640449438
5014.044943820225
4990.247191011236
4856.887640449438
5012.52808988764
5421.887640449438
4803.808988764045
5190.966292134832
5272.247191011236
4635.168539325843
4907.449438202247
4520.089887640449
5230.966292134832
4927.966292134832
5467.247191011236
4764.52808988764
5216.966292134832
4840.370786516854
4709.247191011236
4817.808988764045
4712.168539325843
4445.449438202247
5338.3258426966295
4922.168539325843
5167.685393258427
5133.685393258427
4731.044943820225
4510.292134831461
5060.3258426966295
4793.089887640449
5470.483146067416
4519.808988764045
5000.76404494382
4860.685393258427
4846.404494382023
4894.685393258427
4590.089887640449
5019.76404494382
4977.044943820225
4555.089887640449
4945.044943820225
4749.247191011236
4822.887640449438
4941.966292134832
5088.685393258427
5124.404494382023
4480.011235955056
5542.3258426966295
4792.808988764045
4889.966292134832
4760.808988764045
4889.685393258427
4879.685393258427
4939.966292134832
4697.52808988764
5238.3258426966295
4746.730337078652
4314.089887640449
5087.606741573034
4538.808988764045
5113.606741573034
5166.685393258427
5131.887640449438
5110.404494382023
4843.089887640449
4920.247191011236
4737.044943820225
4828.089887640449
4651.449438202247
4835.606741573034
5124.404494382023
4847.202247191011
4881.685393258427
5103.685393258427
5219.247191011236
4551.089887640449
5283.044943820225
4970.247191011236
4508.089887640449
4971.842696629214
4642.651685393258
4621.370786516854
5081.404494382023
4989.247191011236
4747.247191011236
4885.966292134832
4547.292134831461
4645.168539325843
4800.808988764045
4515.089887640449
4712.168539325843
4780.606741573034
4413.651685393258
4419.449438202247
4604.168539325843
4626.168539325843
4524.808988764045
4583.089887640449
5019.3258426966295
5021.3258426966295
4632.089887640449
4672.449438202247
5169.685393258427
4964.449438202247
4924.966292134832
4651.168539325843
5019.3258426966295
5069.685393258427
5090.685393258427
5079.606741573034
5036.404494382023
4671.247191011236
5112.887640449438
5386.123595505618
5088.404494382023
5205.76404494382
4745.52808988764
4661.966292134832
5010.52808988764
4723.247191011236
5207.966292134832
4627.887640449438
5090.606741573034
5395.685393258427
4836.887640449438
4740.52808988764
4997.044943820225
4679.651685393258
4889.404494382023
4488.606741573034
4490.011235955056
4710.52808988764
4781.606741573034
4954.966292134832
4843.089887640449
5181.168539325843
4735.730337078652
4984.247191011236
5170.685393258427
5096.887640449438
4895.168539325843
4704.247191011236
4689.449438202247
4901.685393258427
5128.685393258427
3971.696629213483
5262.044943820225
4631.685393258427
5221.76404494382
4661.449438202247
5133.887640449438
4618.887640449438
4906.168539325843
5122.404494382023
4526.52808988764
4896.966292134832
4564.52808988764
4857.404494382023
4588.887640449438
4738.52808988764
4974.3258426966295
5363.404494382023
4899.168539325843
4655.449438202247
5014.3258426966295
4625.887640449438
4778.606741573034
4832.606741573034
4508.292134831461
4918.089887640449
4729.730337078652
4807.3258426966295
5232.247191011236
4866.887640449438
4744.044943820225
5228.966292134832
5080.606741573034
4558.089887640449
5005.52808988764
4812.606741573034
4699.449438202247
5079.606741573034
5072.606741573034
5134.887640449438
4898.966292134832
4879.887640449438
4940.449438202247
4413.966292134832
4796.089887640449
4775.3258426966295
5157.76404494382
5362.123595505618
4955.52808988764
5127.887640449438
5274.247191011236
4551.606741573034
5267.044943820225
5058.3258426966295
4755.011235955056
4817.606741573034
4690.449438202247
4411.651685393258
4843.887640449438
4641.168539325843
4693.247191011236
4932.247191011236
5071.3258426966295
4637.651685393258
5258.3258426966295
5300.76404494382
5282.247191011236
5322.808988764045
4799.606741573034
4444.213483146067
5221.966292134832
5018.044943820225
4836.089887640449
5080.3258426966295
5193.966292134832
5294.3258426966295
5016.123595505618
5183.168539325843
4783.808988764045
4730.730337078652
4989.52808988764
4648.168539325843
4948.247191011236
4845.089887640449
4380.168539325843
5028.044943820225
5419.966292134832
5167.685393258427
5011.52808988764
4404.651685393258
4949.966292134832
4841.606741573034
5082.3258426966295
4551.089887640449
4944.044943820225
4969.52808988764
5017.52808988764
4966.966292134832
5247.483146067416
5133.404494382023
4782.3258426966295
4716.449438202247
4596.370786516854
4929.168539325843
4788.808988764045
4694.730337078652
5121.404494382023
4831.887640449438
4530.292134831461
4819.089887640449
4412.932584269663
4536.606741573034
4816.3258426966295
4835.887640449438
4884.966292134832
4883.685393258427
5091.685393258427
5365.404494382023
4714.168539325843
4988.730337078652
5148.685393258427
5051.3258426966295
5194.76404494382
4930.247191011236
4838.606741573034
5063.404494382023
5559.3258426966295
4931.76404494382
5190.966292134832
4967.966292134832
4988.044943820225
5122.404494382023
4171.213483146067
5035.3258426966295
4752.044943820225
4902.887640449438
5018.044943820225
4974.044943820225
5041.044943820225
5267.044943820225
4702.449438202247
4648.370786516854
4844.089887640449
5298.3258426966295
4687.247191011236
4561.808988764045
4578.370786516854
4876.168539325843
4551.292134831461
5022.52808988764
4755.52808988764
4971.044943820225
4966.044943820225
4827.808988764045
4699.247191011236
4916.966292134832
5166.685393258427
5203.966292134832
5195.966292134832
4955.044943820225
4617.168539325843
5142.685393258427
4762.449438202247
4981.247191011236
4363.651685393258
4576.887640449438
4671.247191011236
4876.685393258427
4569.887640449438
4867.089887640449
5125.685393258427
4798.044943820225
4759.3258426966295
4769.808988764045
5419.685393258427
4996.52808988764
4543.089887640449
4549.089887640449
4919.966292134832
5258.044943820225
5145.887640449438
4826.606741573034
4760.606741573034
5138.685393258427
5049.3258426966295
4704.932584269663
4705.247191011236
4987.247191011236
4804.808988764045
5004.247191011236
4909.247191011236
5278.044943820225
4480.011235955056
4761.52808988764
5072.123595505618
5012.52808988764
5130.685393258427
4986.247191011236
5183.685393258427
5101.606741573034
4557.089887640449
4971.044943820225
4984.247191011236
4916.168539325843
4489.808988764045
4833.089887640449
5098.123595505618
4703.449438202247
5071.3258426966295
4944.247191011236
5339.123595505618
4773.606741573034
5083.606741573034
4788.606741573034
4742.730337078652
5069.606741573034
4975.044943820225
4009.292134831461
4850.887640449438
4883.168539325843
4332.85393258427
4952.966292134832
4621.168539325843
5075.123595505618
5129.887640449438
5052.606741573034
4861.685393258427
5314.123595505618
4951.247191011236
5166.966292134832
5062.123595505618
4858.685393258427
4809.887640449438
5316.3258426966295
5388.685393258427
4912.168539325843
5153.685393258427
5094.404494382023
4838.606741573034
4718.808988764045
4571.089887640449
4660.651685393258
4831.887640449438
5097.887640449438
5187.966292134832
5280.247191011236
4843.685393258427
5074.044943820225
4506.011235955056
5069.606741573034
5030.808988764045
5363.404494382023
4555.887640449438
4780.808988764045
4931.247191011236
4945.449438202247
5034.606741573034
5316.404494382023
5369.404494382023
4780.808988764045
4930.449438202247
4732.730337078652
5052.3258426966295
4954.247191011236
5007.011235955056
4736.52808988764
4817.606741573034
5079.404494382023
4953.730337078652
5055.52808988764
5070.606741573034
4404.449438202247
4499.213483146067
5012.52808988764
5189.247191011236
4997.3258426966295
4320.292134831461
4294.292134831461
5208.685393258427
5457.76404494382
4872.168539325843
5225.247191011236
4400.247191011236
5364.685393258427
4792.808988764045
4904.168539325843
4911.168539325843
4711.52808988764
4812.089887640449
5067.3258426966295
4886.685393258427
4557.292134831461
4973.247191011236
4974.76404494382
4407.932584269663
5331.404494382023
5392.483146067416
4694.449438202247
4867.168539325843
4333.370786516854
5027.3258426966295
4902.887640449438
4846.808988764045
4430.932584269663
4750.3258426966295
5021.3258426966295
5096.606741573034
4681.730337078652
4691.247191011236
5113.685393258427
4772.808988764045
5104.404494382023
4542.089887640449
5156.685393258427
4783.808988764045
4886.887640449438
4917.966292134832
4748.52808988764
4871.887640449438
4980.730337078652
5226.044943820225
5177.685393258427
5025.247191011236
5176.685393258427
4724.730337078652
5100.404494382023
4580.887640449438
5153.685393258427
4998.044943820225
4966.52808988764
5346.404494382023
5177.404494382023
4809.606741573034
4857.606741573034
4528.808988764045
5093.606741573034
4890.404494382023
5017.3258426966295
5073.404494382023
4855.685393258427
4605.168539325843
5116.606741573034
5137.685393258427
4937.966292134832
4867.685393258427
4770.3258426966295
5159.685393258427
4769.808988764045
4877.168539325843
4787.808988764045
5277.3258426966295
