highscore:,9202.0
average:,9063.526
9010.0
9041.0
9157.0
9151.0
9027.0
9032.0
9127.0
9021.0
9002.0
9161.0
9033.0
8990.0
9013.0
9186.0
9002.0
9159.0
9036.0
9019.0
9164.0
9009.0
9024.0
9052.0
9188.0
9031.0
9147.0
9153.0
9035.0
9044.0
9038.0
9067.0
9000.0
9002.0
9013.0
9152.0
9003.0
9043.0
9150.0
9030.0
9011.0
9015.0
9001.0
9005.0
9025.0
9038.0
9027.0
9007.0
9005.0
9052.0
9032.0
9047.0
8996.0
9153.0
9029.0
9035.0
9202.0
9036.0
9005.0
9159.0
9050.0
9141.0
9038.0
9144.0
9149.0
9155.0
9177.0
9157.0
9140.0
9034.0
9060.0
8988.0
9160.0
9048.0
9040.0
9021.0
9059.0
9160.0
9010.0
9024.0
8995.0
9162.0
8974.0
9183.0
9177.0
9015.0
9151.0
9175.0
9031.0
9034.0
9147.0
9044.0
9031.0
9166.0
8973.0
9032.0
9060.0
9164.0
9163.0
9043.0
9016.0
8987.0
9172.0
9042.0
9029.0
9035.0
9069.0
9020.0
9037.0
9022.0
9022.0
9021.0
9005.0
9023.0
9147.0
8804.0
9149.0
9031.0
9000.0
9179.0
9147.0
9021.0
9016.0
9044.0
9009.0
9034.0
9037.0
9030.0
9038.0
8817.0
8999.0
9151.0
9029.0
9152.0
9012.0
9012.0
9035.0
9164.0
9022.0
9140.0
9038.0
9005.0
9177.0
9154.0
9036.0
9025.0
9047.0
9062.0
9029.0
9146.0
9036.0
9029.0
9047.0
9017.0
9000.0
9046.0
9046.0
8961.0
8998.0
9006.0
9015.0
9164.0
9004.0
9171.0
9034.0
9159.0
9021.0
9185.0
9035.0
9043.0
9174.0
9037.0
9014.0
9024.0
9040.0
9018.0
9021.0
9133.0
9153.0
9193.0
9024.0
9031.0
9018.0
8802.0
9033.0
9062.0
9013.0
9017.0
9152.0
9035.0
8993.0
8995.0
9028.0
9153.0
9020.0
9026.0
9145.0
9158.0
9021.0
9002.0
9007.0
9147.0
8796.0
9178.0
9150.0
9006.0
9154.0
9176.0
9158.0
9034.0
9177.0
9194.0
9054.0
9024.0
9019.0
9077.0
9005.0
9177.0
9047.0
9036.0
9162.0
9188.0
9023.0
9149.0
9027.0
9155.0
9020.0
9027.0
9037.0
9026.0
9019.0
9007.0
9028.0
9160.0
9016.0
9045.0
9160.0
9019.0
9041.0
8994.0
9041.0
9159.0
9030.0
9150.0
9049.0
9170.0
9025.0
9040.0
9147.0
9030.0
9016.0
9144.0
9044.0
9028.0
9053.0
9175.0
9027.0
9007.0
9020.0
9047.0
9164.0
9162.0
9025.0
9193.0
9012.0
9151.0
9038.0
9031.0
9038.0
9162.0
9009.0
9167.0
9193.0
9030.0
9034.0
9002.0
9160.0
9189.0
8997.0
9037.0
9023.0
9028.0
9073.0
8988.0
9050.0
9033.0
9149.0
9034.0
9035.0
9007.0
9011.0
9027.0
9019.0
9051.0
9011.0
9155.0
9004.0
9053.0
9027.0
9031.0
9022.0
8997.0
9027.0
9034.0
9008.0
9144.0
9029.0
8834.0
8995.0
9193.0
9003.0
9029.0
9001.0
9044.0
9139.0
9026.0
9025.0
9051.0
9031.0
9156.0
9162.0
9150.0
9029.0
9156.0
9005.0
9040.0
9125.0
9025.0
9045.0
8979.0
9166.0
9012.0
9158.0
9129.0
9041.0
9043.0
9159.0
9028.0
9014.0
9160.0
9056.0
9014.0
9039.0
9016.0
9005.0
9151.0
9053.0
9002.0
9038.0
8860.0
9022.0
9027.0
9040.0
9160.0
9004.0
9184.0
9041.0
9010.0
9039.0
8995.0
9035.0
9174.0
9011.0
9039.0
9053.0
9015.0
9182.0
8997.0
9169.0
9014.0
9164.0
9202.0
9045.0
8998.0
9012.0
9030.0
9044.0
8994.0
8996.0
9025.0
9005.0
9165.0
8998.0
9201.0
9158.0
9150.0
9008.0
9050.0
9078.0
9053.0
9055.0
9033.0
9150.0
9005.0
9049.0
9053.0
9034.0
9059.0
9010.0
9191.0
9041.0
9192.0
9021.0
9019.0
8983.0
8813.0
9032.0
9034.0
8952.0
9021.0
9043.0
9015.0
9040.0
9044.0
9057.0
9043.0
9036.0
9034.0
9174.0
9148.0
9030.0
9035.0
9010.0
9028.0
9170.0
9005.0
9031.0
9040.0
9033.0
9029.0
9161.0
9023.0
9025.0
9053.0
9017.0
9161.0
9022.0
9033.0
9135.0
9139.0
9008.0
9157.0
9000.0
9033.0
9001.0
9037.0
9157.0
9011.0
9011.0
9020.0
9191.0
9184.0
9024.0
9014.0
9175.0
9008.0
9019.0
9017.0
9004.0
9013.0
9152.0
9008.0
9035.0
9032.0
9014.0
9152.0
9028.0
9023.0
9071.0
9168.0
9150.0
9041.0
9004.0
9020.0
9175.0
9025.0
9146.0
9011.0
9010.0
9180.0
9040.0
9033.0
8998.0
9011.0
9027.0
9046.0
9164.0
9034.0
9144.0
9003.0
9170.0
9048.0
9161.0
9026.0
9006.0
9010.0
9196.0
9153.0
9037.0
9005.0
9012.0
9150.0
9055.0
9143.0
9027.0
8989.0
9178.0
9033.0
9140.0
9013.0
9022.0
9164.0
9170.0
8787.0
9017.0
9045.0
9020.0
9058.0
9188.0
9167.0
9033.0
9033.0
9047.0
9003.0
9045.0
9024.0
8995.0
9171.0
9177.0
9014.0
9166.0
9035.0
9060.0
9006.0
8995.0
9041.0
9056.0
9163.0
9039.0
9059.0
9185.0
9013.0
9047.0
9143.0
9033.0
9044.0
9015.0
9019.0
9138.0
9040.0
9030.0
9026.0
9148.0
9177.0
9053.0
9011.0
8999.0
8999.0
9149.0
9005.0
9155.0
9057.0
9045.0
9019.0
9025.0
9018.0
9015.0
9050.0
9061.0
8968.0
9016.0
9046.0
9149.0
9056.0
9168.0
9161.0
9047.0
9152.0
9017.0
9036.0
9051.0
9154.0
9029.0
9141.0
9012.0
9149.0
9202.0
9189.0
8991.0
8974.0
9026.0
9153.0
9043.0
9046.0
9140.0
9012.0
9149.0
9149.0
9027.0
8996.0
9025.0
9021.0
9157.0
9003.0
9062.0
9026.0
9012.0
9031.0
9032.0
9017.0
9189.0
9035.0
9179.0
9042.0
9172.0
9047.0
9040.0
9046.0
9024.0
9047.0
9048.0
9028.0
9040.0
9025.0
9053.0
9013.0
9159.0
9152.0
9055.0
9146.0
9195.0
9148.0
9189.0
9010.0
9004.0
9057.0
8998.0
9016.0
9045.0
9006.0
9139.0
9172.0
9143.0
9054.0
9048.0
9034.0
9019.0
9156.0
9173.0
9040.0
9005.0
9156.0
9134.0
9035.0
9172.0
9006.0
9046.0
8998.0
9005.0
9042.0
9160.0
9170.0
9049.0
9201.0
8993.0
9152.0
9007.0
9025.0
8988.0
9124.0
9023.0
9177.0
9048.0
9155.0
8826.0
9162.0
9003.0
8784.0
9054.0
9175.0
9003.0
9185.0
9009.0
9141.0
9015.0
9043.0
9020.0
9202.0
9006.0
9050.0
9021.0
9151.0
9155.0
9018.0
9019.0
9037.0
9034.0
9026.0
8995.0
9153.0
9141.0
9177.0
9029.0
9148.0
8995.0
9048.0
9192.0
9034.0
9025.0
9029.0
9047.0
9189.0
9067.0
9000.0
9163.0
9040.0
9027.0
9155.0
9018.0
9181.0
9188.0
9171.0
9172.0
9143.0
9177.0
9022.0
9168.0
9023.0
9001.0
9021.0
9034.0
8997.0
9172.0
9009.0
9022.0
9167.0
9029.0
9050.0
9004.0
9031.0
9191.0
9030.0
9162.0
9173.0
8990.0
9176.0
9046.0
9162.0
9057.0
9145.0
9037.0
9017.0
9044.0
9181.0
9027.0
9007.0
9153.0
9012.0
9002.0
9169.0
9151.0
8997.0
9080.0
8982.0
9032.0
9153.0
9003.0
9048.0
8830.0
9016.0
9038.0
9030.0
8990.0
9172.0
9138.0
9038.0
8998.0
9170.0
9034.0
9147.0
9144.0
9023.0
9009.0
9185.0
9035.0
9029.0
9016.0
8995.0
8992.0
9051.0
9035.0
9017.0
9021.0
9015.0
8959.0
9005.0
9055.0
9154.0
9043.0
9043.0
9052.0
9022.0
9030.0
9056.0
9055.0
9028.0
9038.0
9161.0
9021.0
9059.0
9009.0
8844.0
9015.0
9149.0
9154.0
9023.0
9035.0
9003.0
9048.0
9028.0
9188.0
9140.0
8985.0
9174.0
9176.0
9005.0
9149.0
8999.0
9151.0
9036.0
9053.0
9020.0
9027.0
9188.0
9021.0
9146.0
9051.0
9035.0
9031.0
9061.0
9154.0
9021.0
9027.0
9032.0
8989.0
9048.0
9054.0
9140.0
9072.0
9165.0
9156.0
9027.0
9152.0
9180.0
9039.0
9018.0
9001.0
9155.0
9017.0
9085.0
9027.0
9159.0
9021.0
9024.0
9144.0
9027.0
9010.0
9031.0
9033.0
9157.0
9037.0
8999.0
9164.0
9175.0
9202.0
9033.0
9136.0
9156.0
8976.0
9046.0
9036.0
9022.0
9014.0
8786.0
9186.0
8995.0
9166.0
9017.0
9155.0
9166.0
9005.0
9020.0
9027.0
9006.0
9046.0
9055.0
9134.0
9168.0
9034.0
9064.0
9133.0
9041.0
9032.0
9030.0
9069.0
9018.0
9019.0
9052.0
8935.0
9052.0
9040.0
9156.0
9006.0
9148.0
9057.0
9160.0
9036.0
9012.0
9035.0
9017.0
9013.0
9142.0
9181.0
9042.0
9157.0
8960.0
9065.0
9160.0
9154.0
8962.0
9014.0
9158.0
9158.0
9063.0
8999.0
9157.0
9048.0
9153.0
9023.0
9042.0
9022.0
9037.0
9028.0
9164.0
9008.0
9036.0
9040.0
9023.0
9049.0
9202.0
9152.0
9011.0
9043.0
9031.0
9025.0
9039.0
9157.0
9016.0
9016.0
9007.0
9023.0
9034.0
9061.0
9158.0
9024.0
9151.0
9047.0
9188.0
9059.0
9009.0
9175.0
8817.0
9070.0
8986.0
9017.0
9053.0
9064.0
9014.0
9189.0
9029.0
9031.0
9012.0
9007.0
9059.0
9086.0
9042.0
9059.0
9040.0
9019.0
9044.0
9169.0
9067.0
9190.0
9041.0
9034.0
9036.0
9030.0
9008.0
9021.0
9017.0
9018.0
9050.0
