highscore:,9185.0
average:,8775.803857142857
8825.0
8627.0
8842.0
8833.0
8147.857142857143
8797.0
8853.0
8607.0
8783.0
8821.0
8849.0
8555.0
8612.0
9019.0
9016.0
8591.0
9040.0
8751.0
8830.0
8827.0
8179.857142857143
8820.0
8809.0
8637.0
8848.0
8838.0
8813.0
8823.0
8807.0
8603.0
8835.0
8817.0
8618.0
8831.0
8822.0
9000.0
2283.0
8807.0
8832.0
8779.0
9032.0
8543.0
9024.0
8828.0
9060.0
8180.857142857143
8761.0
8965.0
9049.0
8841.0
9014.0
9013.0
8768.0
8798.0
9011.0
8778.0
8992.0
8594.0
8810.0
8616.0
8589.0
8857.0
8825.0
8926.0
8632.0
8811.0
8797.0
8160.857142857143
8571.0
8813.0
8804.0
9040.0
8617.0
8773.0
8812.0
8829.0
8617.0
8730.0
8580.0
9033.0
9046.0
8605.0
8981.0
8812.0
9016.0
8644.0
8756.0
9013.0
8817.0
9005.0
8767.0
8796.0
9046.0
9033.0
8815.0
9035.0
8606.0
8834.0
8820.0
8814.0
9023.0
8784.0
8820.0
8826.0
8856.0
8221.857142857143
8930.0
8808.0
8603.0
8829.0
8821.0
8604.0
9010.0
8525.0
8807.0
8822.0
9033.0
8799.0
8842.0
8858.0
8861.0
8800.0
9033.0
8923.0
8832.0
8822.0
8830.0
8808.0
8611.0
8964.0
8581.0
8805.0
8830.0
8923.0
8977.0
8642.0
8623.0
8819.0
8808.0
8818.0
8584.0
8805.0
8928.0
8795.0
8843.0
8989.0
8561.0
8591.0
8817.0
8584.0
8967.0
8646.0
8808.0
8734.0
8606.0
8789.0
8783.0
8849.0
8987.0
9036.0
8824.0
8803.0
8849.0
8657.0
8815.0
8605.0
8844.0
8996.0
8855.0
8843.0
8833.0
8831.0
9013.0
8941.0
8765.0
8804.0
8806.0
8643.0
8809.0
8783.0
8168.857142857143
9032.0
8576.0
8982.0
8825.0
9015.0
8818.0
8813.0
8782.0
8593.0
8977.0
8839.0
8817.0
8791.0
8822.0
8805.0
8824.0
8804.0
8803.0
8804.0
9035.0
8591.0
9018.0
8614.0
8832.0
8849.0
8747.0
8160.857142857143
8607.0
8621.0
8802.0
8597.0
9029.0
8807.0
9043.0
8730.0
8819.0
8607.0
8579.0
8730.0
8961.0
8578.0
8168.857142857143
8828.0
8841.0
8780.0
8743.0
8794.0
8717.0
8838.0
8815.0
8980.0
8608.0
8153.857142857143
8987.0
8599.0
8615.0
8616.0
8643.0
8812.0
8831.0
8814.0
8992.0
8633.0
8627.0
8653.0
8823.0
8813.0
8806.0
9042.0
8628.0
8809.0
8810.0
8626.0
8616.0
8822.0
8616.0
9016.0
8967.0
8816.0
8617.0
8605.0
9016.0
8776.0
8815.0
8567.0
8968.0
8622.0
8608.0
8633.0
8597.0
8800.0
8648.0
9035.0
8806.0
8835.0
9015.0
8823.0
8801.0
8811.0
8814.0
8601.0
8945.0
8746.0
8971.0
8587.0
8819.0
8169.857142857143
8626.0
8787.0
9013.0
8799.0
8843.0
8974.0
8745.0
8817.0
8770.0
8751.0
8772.0
8833.0
9006.0
8814.0
8803.0
8857.0
8985.0
8835.0
8823.0
8986.0
8630.0
9064.0
8867.0
8764.0
8837.0
8965.0
8952.0
8951.0
8814.0
8762.0
8805.0
8814.0
8603.0
8751.0
8834.0
8799.0
8170.857142857143
8637.0
8839.0
8982.0
8959.0
8831.0
8791.0
8160.857142857143
8812.0
8808.0
8826.0
9040.0
8834.0
8815.0
9058.0
8822.0
9146.0
8587.0
8795.0
8996.0
8969.0
8613.0
9010.0
8631.0
8797.0
8823.0
8803.0
8822.0
8797.0
8977.0
9006.0
8752.0
8821.0
8761.0
8986.0
8981.0
8828.0
8612.0
8623.0
9002.0
8626.0
8796.0
8132.857142857143
8636.0
8786.0
8978.0
8794.0
8838.0
8811.0
8192.857142857143
8598.0
8823.0
8836.0
8832.0
8618.0
8810.0
8844.0
8796.0
8800.0
9015.0
8742.0
8827.0
8928.0
8786.0
8826.0
8814.0
8630.0
8588.0
8936.0
9044.0
8645.0
8859.0
8962.0
8858.0
9003.0
8934.0
8625.0
8623.0
8801.0
8866.0
8817.0
8809.0
8857.0
8804.0
8804.0
8768.0
8948.0
8574.0
8855.0
8601.0
9019.0
8587.0
9020.0
9019.0
8593.0
8820.0
8851.0
8952.0
8587.0
8833.0
8816.0
8633.0
8810.0
8820.0
8168.857142857143
8778.0
8809.0
8789.0
8798.0
8800.0
8825.0
8587.0
9039.0
9023.0
8814.0
8786.0
8784.0
8827.0
8815.0
8628.0
8616.0
8826.0
8817.0
8601.0
8787.0
8800.0
8571.0
8813.0
8813.0
8811.0
8826.0
9001.0
9027.0
8768.0
8577.0
8742.0
8819.0
8607.0
8813.0
8818.0
8822.0
8976.0
8845.0
8832.0
8819.0
8837.0
8812.0
8567.0
8169.857142857143
8813.0
8824.0
8813.0
8157.857142857143
8830.0
8937.0
9044.0
8805.0
9004.0
8804.0
8829.0
8151.857142857143
8819.0
9051.0
8985.0
8145.857142857143
8620.0
8601.0
8770.0
8159.857142857143
9036.0
8786.0
8639.0
8972.0
8731.0
8618.0
8568.0
8815.0
8784.0
8582.0
9040.0
8998.0
8995.0
8584.0
8806.0
8833.0
8818.0
8763.0
8813.0
8844.0
8822.0
8847.0
8943.0
8801.0
8602.0
8813.0
8738.0
8596.0
8844.0
8774.0
8179.857142857143
9014.0
8807.0
8826.0
8817.0
8817.0
8831.0
9021.0
8986.0
8821.0
8749.0
8819.0
8807.0
8819.0
8950.0
9038.0
8810.0
8825.0
8809.0
9021.0
8807.0
8609.0
8143.857142857143
9039.0
8828.0
8756.0
8793.0
8786.0
8157.857142857143
9039.0
8609.0
8799.0
8774.0
8162.857142857143
8608.0
8587.0
8719.0
8860.0
8825.0
8598.0
8777.0
8611.0
8814.0
8829.0
8645.0
8829.0
8771.0
9023.0
8631.0
8816.0
8828.0
8973.0
8830.0
8647.0
8847.0
8840.0
8607.0
9039.0
9041.0
8947.0
9069.0
8835.0
8824.0
8753.0
8153.857142857143
9041.0
8807.0
8799.0
8819.0
8827.0
8810.0
9037.0
8804.0
9062.0
8835.0
8712.0
8801.0
8625.0
8585.0
9138.0
8792.0
8630.0
8842.0
8635.0
8811.0
8606.0
8822.0
8822.0
8831.0
8852.0
9038.0
8805.0
9024.0
8786.0
8797.0
9011.0
8742.0
8797.0
8814.0
8744.0
8814.0
9028.0
8815.0
8813.0
8820.0
8806.0
9011.0
8817.0
9008.0
8805.0
8811.0
8808.0
8813.0
8861.0
8811.0
8839.0
8814.0
8799.0
8842.0
8801.0
8833.0
8831.0
8796.0
8826.0
8797.0
8828.0
8823.0
9026.0
9014.0
8584.0
8835.0
8824.0
8804.0
9030.0
8611.0
8977.0
8836.0
9027.0
8816.0
8616.0
8635.0
8792.0
8639.0
8819.0
9005.0
8672.0
8638.0
8802.0
8836.0
8602.0
8771.0
8827.0
8797.0
8819.0
7090.428571428571
8789.0
8834.0
8610.0
8599.0
8807.0
8770.0
8834.0
8602.0
8841.0
8935.0
8791.0
8766.0
8833.0
8612.0
8793.0
8616.0
8798.0
8582.0
8610.0
8935.0
9057.0
8620.0
8616.0
8985.0
8807.0
9010.0
8617.0
9058.0
8617.0
8630.0
8736.0
8841.0
8141.857142857143
8861.0
8605.0
8847.0
8800.0
8867.0
8945.0
8833.0
8817.0
8821.0
8838.0
8814.0
8831.0
9021.0
8837.0
8796.0
8802.0
9034.0
8810.0
8614.0
8778.0
8988.0
8960.0
8811.0
8610.0
8806.0
8828.0
8600.0
8632.0
9040.0
8738.0
8647.0
8823.0
8781.0
8811.0
8813.0
8838.0
8805.0
8612.0
8595.0
8600.0
8814.0
9003.0
8794.0
8640.0
8837.0
8968.0
8612.0
8831.0
8624.0
8978.0
9033.0
8838.0
9020.0
8818.0
8825.0
8822.0
8806.0
9017.0
8822.0
8815.0
8602.0
8820.0
9047.0
8784.0
8835.0
8795.0
8171.857142857143
8767.0
9017.0
9033.0
8606.0
8994.0
8711.0
8601.0
8847.0
8823.0
8816.0
9042.0
8943.0
8806.0
8964.0
9006.0
8860.0
8973.0
8751.0
9046.0
8526.0
8834.0
8934.0
8597.0
8816.0
8835.0
8814.0
8792.0
8826.0
8819.0
8595.0
9016.0
8816.0
8795.0
9034.0
9028.0
8815.0
8828.0
8566.0
8750.0
8960.0
8838.0
8811.0
9034.0
8642.0
8605.0
8777.0
8587.0
8823.0
8788.0
8628.0
8623.0
8519.0
8807.0
8578.0
8790.0
8833.0
8602.0
8619.0
9005.0
8803.0
8843.0
8773.0
8584.0
8843.0
8594.0
8603.0
8617.0
8987.0
9039.0
8853.0
8824.0
8591.0
8147.857142857143
8804.0
8830.0
8833.0
8794.0
9000.0
8633.0
8815.0
8816.0
9013.0
8831.0
9033.0
8615.0
8638.0
8974.0
8802.0
8795.0
8975.0
8833.0
8620.0
9008.0
8786.0
8833.0
8830.0
8818.0
8821.0
9038.0
8620.0
8816.0
8633.0
8826.0
8821.0
8630.0
8763.0
8138.857142857143
8788.0
8806.0
8726.0
8816.0
8778.0
8143.857142857143
8822.0
8931.0
9018.0
9001.0
8602.0
8792.0
8959.0
8828.0
8634.0
8158.857142857143
9018.0
8947.0
8943.0
8772.0
8987.0
8813.0
8601.0
8821.0
8823.0
8807.0
8598.0
8806.0
8658.0
8982.0
8944.0
8749.0
8632.0
8811.0
8801.0
8777.0
8732.0
8813.0
8812.0
8595.0
8614.0
9030.0
8814.0
8837.0
8638.0
8649.0
8815.0
8154.857142857143
8834.0
9020.0
8982.0
8129.857142857143
7478.571428571429
8818.0
8810.0
8632.0
9185.0
8823.0
8650.0
8825.0
8799.0
8651.0
8629.0
8819.0
8830.0
8633.0
8846.0
8588.0
8637.0
8632.0
9040.0
8847.0
8868.0
8811.0
9028.0
8842.0
8148.857142857143
8812.0
8587.0
8809.0
8823.0
8839.0
8831.0
8663.0
8617.0
8598.0
9001.0
8996.0
8967.0
8966.0
8795.0
8805.0
8822.0
8620.0
8986.0
9015.0
9024.0
8617.0
8607.0
8810.0
8825.0
8591.0
8936.0
9040.0
8978.0
8581.0
8627.0
8591.0
8820.0
8166.857142857143
8594.0
8844.0
8161.857142857143
8830.0
8849.0
