highscore:,7317.0
average:,6964.298
6862.0
7096.0
6608.0
6863.0
6838.0
6902.0
7113.0
7113.0
6929.0
7136.0
7063.0
6951.0
6906.0
6915.0
7026.0
6954.0
6647.0
7074.0
7132.0
6876.0
7072.0
6581.0
6886.0
6865.0
6842.0
6859.0
7138.0
6819.0
7058.0
7033.0
7146.0
7112.0
7054.0
6849.0
6884.0
7095.0
6882.0
7268.0
7050.0
6873.0
6938.0
6842.0
6611.0
6933.0
6892.0
7137.0
7075.0
6872.0
6645.0
6860.0
7038.0
7014.0
6645.0
7054.0
7059.0
7145.0
7040.0
6592.0
6910.0
7178.0
6892.0
6835.0
7207.0
6832.0
6813.0
6914.0
6847.0
7183.0
7069.0
6856.0
6997.0
7103.0
6883.0
7165.0
7106.0
7081.0
7034.0
7016.0
7080.0
7141.0
7028.0
7094.0
6838.0
7158.0
7154.0
6860.0
6893.0
7118.0
7139.0
6888.0
6858.0
6850.0
6900.0
6867.0
7038.0
7090.0
7090.0
6893.0
7045.0
6818.0
6836.0
7154.0
6606.0
7041.0
6845.0
7080.0
7153.0
6574.0
6897.0
7093.0
6855.0
6894.0
7047.0
6841.0
7097.0
6920.0
7049.0
6907.0
7167.0
7074.0
6747.0
7165.0
7063.0
6852.0
7112.0
6851.0
7036.0
7152.0
7093.0
6600.0
6860.0
6842.0
6923.0
6878.0
6843.0
7165.0
7072.0
7172.0
7137.0
7105.0
6922.0
7039.0
7062.0
6861.0
6834.0
6979.0
6843.0
7080.0
7040.0
6862.0
7106.0
6904.0
6824.0
6825.0
7104.0
6886.0
6635.0
7113.0
7065.0
6844.0
7162.0
6834.0
6842.0
7041.0
7063.0
6811.0
6899.0
6830.0
6852.0
7177.0
6864.0
6866.0
6889.0
7117.0
7138.0
7142.0
7055.0
7088.0
7089.0
7022.0
6900.0
6842.0
7044.0
7080.0
7071.0
7028.0
6824.0
7040.0
6949.0
7057.0
7057.0
6898.0
6865.0
7054.0
7173.0
6873.0
7064.0
6829.0
7138.0
6629.0
6876.0
6918.0
7092.0
6918.0
6856.0
7029.0
7100.0
6850.0
7018.0
7019.0
7118.0
7042.0
7155.0
6881.0
6874.0
7047.0
7091.0
6992.0
7106.0
7063.0
7141.0
6614.0
7049.0
6771.0
7159.0
6890.0
7090.0
7135.0
6641.0
6828.0
6896.0
6875.0
7142.0
7126.0
7169.0
6824.0
6937.0
6902.0
6829.0
6628.0
6906.0
7031.0
7027.0
6616.0
7055.0
6985.0
6921.0
7136.0
6876.0
6857.0
7205.0
7031.0
6873.0
7073.0
7004.0
6849.0
6821.0
6867.0
6933.0
7052.0
7095.0
6858.0
6829.0
7307.0
7074.0
6602.0
6933.0
7021.0
7161.0
7147.0
6901.0
7055.0
7094.0
7094.0
6954.0
6577.0
6656.0
7155.0
6748.0
6899.0
6818.0
6834.0
6874.0
6879.0
6831.0
6862.0
7028.0
6904.0
6851.0
6870.0
7135.0
7141.0
7027.0
7108.0
7124.0
6876.0
6822.0
6625.0
6898.0
7008.0
7058.0
6904.0
6892.0
7009.0
7105.0
6865.0
6864.0
6853.0
7173.0
6842.0
7056.0
7032.0
7065.0
7108.0
7222.0
6867.0
7076.0
7123.0
7164.0
7099.0
7113.0
7060.0
6889.0
7048.0
6928.0
6839.0
6901.0
6810.0
6860.0
7141.0
7037.0
7013.0
6907.0
7040.0
6872.0
7034.0
6895.0
7038.0
6857.0
6797.0
6946.0
7068.0
7115.0
7029.0
7063.0
7098.0
7093.0
6924.0
6762.0
7020.0
7072.0
7053.0
6843.0
7012.0
7114.0
7061.0
7130.0
6859.0
6937.0
6899.0
6802.0
7163.0
6818.0
7123.0
7128.0
6974.0
6815.0
6874.0
7005.0
7128.0
6836.0
7104.0
7136.0
6850.0
7031.0
6822.0
7041.0
7021.0
7131.0
7134.0
6931.0
6894.0
6862.0
6865.0
6907.0
6649.0
6872.0
6820.0
7043.0
6834.0
7035.0
7087.0
7139.0
6871.0
6827.0
6895.0
7076.0
6901.0
6881.0
7173.0
6873.0
6832.0
6885.0
7147.0
7194.0
7104.0
6857.0
7082.0
6872.0
6913.0
7072.0
6912.0
6812.0
7157.0
7122.0
6873.0
6824.0
7071.0
6902.0
6401.0
7065.0
6623.0
6882.0
7135.0
6822.0
7075.0
7106.0
7054.0
7114.0
6610.0
7070.0
6862.0
6910.0
6863.0
7138.0
7012.0
7074.0
6970.0
7061.0
7055.0
6869.0
6854.0
6903.0
7204.0
7024.0
7070.0
6887.0
7072.0
6847.0
6920.0
6793.0
7106.0
6862.0
6931.0
7121.0
6866.0
7125.0
7059.0
6819.0
6866.0
6882.0
7096.0
6878.0
6927.0
7156.0
6877.0
6624.0
7117.0
6647.0
7050.0
7105.0
6872.0
6830.0
7099.0
7026.0
6836.0
6874.0
6566.0
7198.0
6610.0
7074.0
6856.0
6905.0
6839.0
7176.0
7104.0
7158.0
6861.0
7187.0
6978.0
6888.0
6883.0
7015.0
7184.0
7093.0
6853.0
7132.0
6959.0
6886.0
7090.0
7036.0
7125.0
6868.0
6909.0
6574.0
6854.0
6893.0
6955.0
6885.0
6822.0
7022.0
7092.0
7151.0
7069.0
7170.0
6935.0
7047.0
7115.0
7059.0
6773.0
6896.0
7153.0
6919.0
6803.0
7124.0
6837.0
7103.0
7046.0
6875.0
6976.0
6941.0
7014.0
6916.0
6835.0
7205.0
7137.0
6931.0
6893.0
6813.0
6853.0
7130.0
6922.0
7098.0
7124.0
6875.0
7131.0
7153.0
7178.0
6837.0
7131.0
6858.0
6904.0
7029.0
6845.0
6746.0
7022.0
6840.0
7058.0
6828.0
6841.0
7024.0
6884.0
6817.0
6827.0
6832.0
6884.0
7094.0
6862.0
7045.0
7024.0
6883.0
7090.0
7068.0
6910.0
7111.0
7045.0
7052.0
7105.0
7037.0
6871.0
7129.0
7153.0
7102.0
6825.0
6816.0
6857.0
6906.0
6846.0
7114.0
6836.0
6890.0
7038.0
6901.0
7137.0
7048.0
7302.0
6823.0
6852.0
6881.0
6903.0
6917.0
6869.0
7044.0
7108.0
6878.0
7047.0
6857.0
7146.0
6898.0
7150.0
6905.0
7118.0
6850.0
6910.0
6893.0
6854.0
6862.0
7107.0
7024.0
6820.0
7127.0
6854.0
7104.0
7032.0
6814.0
7045.0
7079.0
6861.0
7075.0
7177.0
6881.0
6615.0
6629.0
7076.0
7065.0
6897.0
6589.0
6876.0
7055.0
6840.0
6984.0
6839.0
7031.0
7175.0
7122.0
6901.0
6855.0
6831.0
6862.0
7141.0
6883.0
6858.0
7169.0
7070.0
6851.0
7029.0
6859.0
6929.0
7038.0
6864.0
6904.0
7143.0
7317.0
7046.0
6938.0
6905.0
6868.0
7093.0
6582.0
6865.0
6922.0
6833.0
7049.0
6840.0
7128.0
7103.0
7014.0
7078.0
6799.0
6912.0
7179.0
6899.0
7074.0
6872.0
6844.0
7129.0
6869.0
7044.0
7117.0
7306.0
6883.0
7101.0
7085.0
6884.0
7119.0
7022.0
6873.0
6627.0
6878.0
6563.0
6589.0
6820.0
7180.0
6907.0
6832.0
6869.0
6852.0
6996.0
6852.0
7113.0
7131.0
7162.0
7037.0
6855.0
7104.0
6947.0
7113.0
6844.0
6877.0
7108.0
7094.0
6814.0
6906.0
6679.0
7131.0
6872.0
7058.0
6860.0
6960.0
7045.0
6830.0
6810.0
6903.0
6922.0
6863.0
7149.0
7068.0
7017.0
7138.0
6857.0
7136.0
7161.0
6837.0
6909.0
6863.0
7145.0
6884.0
7050.0
6913.0
6926.0
6787.0
6880.0
6829.0
7066.0
6892.0
6762.0
6892.0
6850.0
7047.0
6873.0
6871.0
7106.0
7074.0
6855.0
7114.0
6906.0
7169.0
6948.0
7060.0
6736.0
7185.0
7169.0
6658.0
6918.0
6845.0
6886.0
7088.0
6889.0
7018.0
6846.0
6872.0
6834.0
7040.0
7081.0
7098.0
7103.0
7111.0
7130.0
6874.0
7067.0
6860.0
6698.0
6585.0
7093.0
6882.0
6932.0
6803.0
6658.0
6907.0
7116.0
6882.0
7082.0
7116.0
7029.0
7116.0
7092.0
6826.0
7008.0
7072.0
6877.0
6899.0
6801.0
6874.0
6853.0
7061.0
6588.0
7049.0
7152.0
7055.0
7091.0
7094.0
6915.0
7065.0
6881.0
7152.0
6839.0
6887.0
6948.0
7129.0
7153.0
7137.0
6885.0
6854.0
6809.0
7153.0
7027.0
7084.0
6862.0
6882.0
6878.0
7032.0
6828.0
6846.0
6882.0
7138.0
7035.0
7006.0
7056.0
7144.0
7132.0
6877.0
7107.0
7170.0
6813.0
6907.0
7044.0
7094.0
7121.0
7058.0
6662.0
7099.0
7134.0
7016.0
6884.0
6893.0
7116.0
6636.0
7124.0
6877.0
7080.0
6858.0
7045.0
7076.0
6860.0
7120.0
6845.0
7089.0
6580.0
6926.0
7170.0
6841.0
7185.0
7138.0
7171.0
7093.0
7046.0
7042.0
6956.0
6979.0
6906.0
7119.0
6953.0
6864.0
7096.0
7035.0
6865.0
6855.0
7042.0
6872.0
6887.0
7165.0
6636.0
7122.0
6890.0
6850.0
7059.0
6613.0
6859.0
6855.0
6886.0
7207.0
6953.0
6937.0
6604.0
7075.0
7074.0
7003.0
7046.0
6638.0
6862.0
6898.0
7080.0
7108.0
6870.0
6882.0
6877.0
7124.0
6869.0
6875.0
6836.0
7164.0
7071.0
7160.0
6850.0
7163.0
6904.0
7037.0
6843.0
6871.0
7032.0
7043.0
6835.0
7068.0
6832.0
6989.0
7037.0
6955.0
7158.0
6615.0
7090.0
6835.0
6867.0
6890.0
6895.0
6844.0
6843.0
6844.0
7079.0
7146.0
6880.0
6859.0
7054.0
7114.0
6854.0
7022.0
7284.0
7057.0
7064.0
7018.0
6863.0
6953.0
6885.0
7068.0
6850.0
7187.0
7089.0
6900.0
6938.0
6966.0
6902.0
6939.0
7036.0
7103.0
7299.0
7049.0
6909.0
6843.0
6859.0
6933.0
6854.0
6844.0
7127.0
6851.0
6840.0
6859.0
6893.0
6628.0
6878.0
6853.0
6928.0
