highscore:,7186.0
average:,6663.588
6809.0
6871.0
6392.0
6615.0
6586.0
6639.0
6597.0
6362.0
6849.0
6326.0
6889.0
6354.0
6827.0
6867.0
6852.0
6410.0
7090.0
6841.0
6619.0
6889.0
6761.0
6603.0
6440.0
6565.0
6574.0
6694.0
6864.0
6621.0
6660.0
6804.0
6604.0
6607.0
6459.0
6406.0
6694.0
6850.0
6479.0
6363.0
6642.0
6553.0
6609.0
6823.0
6874.0
6459.0
6814.0
6837.0
6304.0
6669.0
6290.0
6356.0
6873.0
6340.0
6302.0
6947.0
6868.0
6855.0
6585.0
6819.0
6590.0
6620.0
6642.0
6642.0
6819.0
6676.0
6891.0
6619.0
6899.0
6850.0
6779.0
6901.0
6868.0
6413.0
6668.0
6876.0
6815.0
6596.0
6566.0
6867.0
6909.0
6548.0
6660.0
6573.0
6161.0
6341.0
6588.0
6861.0
6633.0
6608.0
6780.0
6804.0
6896.0
6622.0
6655.0
6558.0
6586.0
6591.0
6584.0
6396.0
6585.0
6305.0
6885.0
6605.0
6600.0
6904.0
6632.0
6660.0
6695.0
6854.0
6671.0
6905.0
6662.0
6829.0
6825.0
6900.0
6627.0
7032.0
6321.0
6950.0
6928.0
6779.0
6836.0
6828.0
6808.0
6649.0
6937.0
6364.0
6410.0
6619.0
6885.0
6873.0
6731.0
6877.0
6413.0
6591.0
6806.0
6621.0
6611.0
6859.0
6725.0
6477.0
6411.0
6918.0
6808.0
6364.0
6609.0
6895.0
6868.0
6688.0
6574.0
6876.0
6873.0
6656.0
6644.0
6689.0
6630.0
6642.0
6758.0
6338.0
6056.0
6635.0
6601.0
6349.0
6373.0
6862.0
6345.0
6637.0
6618.0
6299.0
6752.0
6906.0
6867.0
6891.0
6825.0
6580.0
6622.0
6657.0
6669.0
6791.0
6651.0
6745.0
6665.0
6861.0
6916.0
6637.0
6573.0
6620.0
6791.0
6655.0
6529.0
6675.0
6278.0
6843.0
6568.0
6643.0
6391.0
6637.0
6639.0
6598.0
6927.0
6577.0
6553.0
6892.0
6753.0
6580.0
6678.0
6603.0
6658.0
6342.0
6642.0
6947.0
6572.0
6892.0
6689.0
6905.0
6632.0
6621.0
6913.0
6594.0
6880.0
6913.0
6576.0
6566.0
6412.0
6029.0
6621.0
6807.0
7093.0
6604.0
6848.0
6421.0
6838.0
6909.0
6859.0
6839.0
6425.0
6675.0
6633.0
6605.0
6531.0
6637.0
6687.0
6577.0
6620.0
6791.0
6854.0
6664.0
6739.0
6805.0
6653.0
6885.0
6620.0
6626.0
6839.0
6658.0
6402.0
6644.0
6569.0
6640.0
6833.0
6592.0
6480.0
6646.0
6653.0
6879.0
6606.0
6761.0
6586.0
6919.0
6670.0
6335.0
6590.0
6917.0
6815.0
6369.0
6660.0
6645.0
6684.0
6923.0
6892.0
6564.0
6343.0
6909.0
6857.0
6364.0
6351.0
6346.0
6825.0
6429.0
6586.0
6336.0
6678.0
6572.0
6609.0
6669.0
6644.0
6695.0
6647.0
6653.0
6633.0
6643.0
6614.0
6778.0
6770.0
6561.0
6882.0
6682.0
6573.0
6821.0
6630.0
6665.0
6906.0
6884.0
6638.0
6800.0
6922.0
6782.0
6603.0
6880.0
6878.0
6866.0
6533.0
6853.0
6775.0
6942.0
6865.0
6351.0
6351.0
6362.0
6566.0
6837.0
6916.0
6357.0
6421.0
6874.0
6815.0
6859.0
6620.0
6629.0
6754.0
6882.0
6639.0
6635.0
6607.0
6635.0
6988.0
7031.0
6607.0
6905.0
6606.0
6876.0
6301.0
6908.0
6868.0
6327.0
6897.0
6873.0
6582.0
6591.0
6391.0
6664.0
7110.0
6407.0
6946.0
6874.0
6600.0
6668.0
6710.0
6536.0
6769.0
6850.0
6661.0
6612.0
6660.0
6554.0
6833.0
6592.0
6841.0
6675.0
6368.0
6378.0
6841.0
6574.0
6616.0
6585.0
6628.0
6617.0
6615.0
6739.0
6625.0
6889.0
6567.0
6790.0
6655.0
6598.0
6591.0
6898.0
6810.0
7050.0
6837.0
6901.0
6623.0
6368.0
6841.0
6844.0
6758.0
6916.0
6711.0
6584.0
6407.0
6867.0
6900.0
6226.0
6554.0
6485.0
6307.0
6348.0
6713.0
6903.0
6682.0
6565.0
6566.0
6591.0
6850.0
6885.0
6887.0
6870.0
6681.0
6778.0
6686.0
6655.0
6869.0
6589.0
6606.0
6628.0
6571.0
6343.0
6924.0
6382.0
6613.0
6131.0
6346.0
6481.0
6386.0
6650.0
6718.0
6753.0
6631.0
6653.0
6889.0
6336.0
6876.0
6431.0
6724.0
6968.0
6582.0
6878.0
6992.0
6542.0
6703.0
6662.0
6852.0
6556.0
6421.0
6906.0
6742.0
6894.0
6373.0
6380.0
6848.0
6648.0
6334.0
6778.0
6624.0
6872.0
6571.0
6858.0
7040.0
6620.0
6643.0
6677.0
6594.0
6398.0
6598.0
6661.0
6051.0
6620.0
6655.0
6034.0
6638.0
6378.0
6843.0
6102.0
6595.0
6897.0
6790.0
6585.0
6353.0
6683.0
6556.0
6345.0
6706.0
6714.0
6834.0
6663.0
6686.0
6601.0
6786.0
6362.0
6865.0
6634.0
6297.0
6646.0
6337.0
6675.0
6646.0
6664.0
6619.0
6665.0
6839.0
6364.0
6638.0
6598.0
6901.0
6333.0
6853.0
6520.0
6604.0
6578.0
6583.0
6680.0
6800.0
6338.0
6625.0
6677.0
6564.0
6662.0
6581.0
6347.0
6704.0
6876.0
6614.0
6577.0
6601.0
6614.0
6604.0
6585.0
6323.0
6842.0
6621.0
6524.0
6744.0
6313.0
6662.0
6609.0
6656.0
5985.0
6658.0
6606.0
6605.0
6853.0
6764.0
6816.0
6660.0
6928.0
6378.0
6811.0
6353.0
6808.0
6924.0
6786.0
6848.0
6646.0
6663.0
6911.0
6844.0
6837.0
6773.0
6584.0
6612.0
6825.0
6854.0
6768.0
6336.0
6380.0
6655.0
6561.0
6588.0
6621.0
6717.0
6559.0
6330.0
6596.0
6620.0
6350.0
6343.0
6622.0
6675.0
6869.0
6906.0
6905.0
6679.0
6646.0
6935.0
6383.0
6633.0
6609.0
6701.0
6656.0
6693.0
6356.0
6583.0
6546.0
6614.0
6570.0
6746.0
6335.0
6604.0
6829.0
6624.0
6601.0
6773.0
6610.0
7186.0
6594.0
6797.0
6794.0
6945.0
7049.0
6537.0
6646.0
6811.0
6610.0
6888.0
6877.0
6818.0
6649.0
6600.0
6643.0
6645.0
6641.0
6323.0
6413.0
6822.0
6638.0
6634.0
6637.0
6613.0
7052.0
6847.0
6642.0
6647.0
6862.0
7022.0
6668.0
6762.0
6601.0
6660.0
6983.0
6822.0
6625.0
6629.0
6791.0
6796.0
6811.0
6655.0
6657.0
6865.0
6887.0
6299.0
6860.0
6590.0
6387.0
6630.0
6621.0
6949.0
6869.0
6572.0
6633.0
6800.0
6420.0
6611.0
6787.0
6881.0
6611.0
6894.0
6596.0
6670.0
6611.0
6612.0
6737.0
6257.0
6678.0
6887.0
6331.0
6574.0
6817.0
6892.0
6133.0
6705.0
6553.0
6355.0
6627.0
6635.0
6383.0
6395.0
6381.0
6333.0
6322.0
6474.0
6628.0
6625.0
6535.0
6811.0
6813.0
6302.0
6666.0
6894.0
6846.0
6619.0
6805.0
6371.0
6629.0
6605.0
6585.0
6868.0
6615.0
6902.0
6769.0
6605.0
6880.0
6891.0
6596.0
6597.0
6866.0
6845.0
6392.0
6915.0
6624.0
6535.0
6894.0
6701.0
6600.0
6858.0
6705.0
6617.0
6655.0
6698.0
6634.0
6638.0
6587.0
6311.0
6644.0
6656.0
6636.0
6871.0
6423.0
6620.0
6583.0
6863.0
6630.0
6618.0
6621.0
6497.0
6880.0
6840.0
6382.0
6366.0
6573.0
6902.0
6632.0
6966.0
6623.0
6691.0
6388.0
6645.0
6662.0
6932.0
6842.0
6327.0
6880.0
6644.0
6669.0
7068.0
6807.0
6879.0
6931.0
6672.0
6372.0
6641.0
6603.0
6113.0
6598.0
6606.0
6330.0
6808.0
6610.0
6647.0
7157.0
6625.0
6614.0
7032.0
6641.0
6622.0
6623.0
6357.0
6635.0
6580.0
6912.0
6625.0
6941.0
6405.0
6628.0
6788.0
6863.0
6080.0
6618.0
6614.0
6913.0
6759.0
6636.0
6081.0
6948.0
6720.0
6617.0
6626.0
6672.0
6874.0
6620.0
6567.0
6683.0
6832.0
6653.0
6326.0
6890.0
6804.0
6906.0
6973.0
6677.0
6591.0
6369.0
7138.0
6947.0
6591.0
6933.0
6674.0
6832.0
6320.0
6791.0
6568.0
6590.0
6861.0
6923.0
6622.0
6731.0
6880.0
6852.0
6913.0
6941.0
6624.0
6864.0
6369.0
6385.0
6545.0
6263.0
6725.0
6606.0
6339.0
6578.0
6658.0
6587.0
6656.0
6361.0
6900.0
6588.0
6931.0
6864.0
6853.0
6893.0
6575.0
6852.0
6904.0
6556.0
6879.0
6916.0
6351.0
6645.0
7058.0
6628.0
6579.0
6616.0
6648.0
6352.0
6391.0
6625.0
6375.0
6655.0
6632.0
6573.0
6356.0
6636.0
6520.0
6632.0
6325.0
6894.0
6660.0
6600.0
6893.0
6629.0
6613.0
6815.0
6309.0
6657.0
6665.0
6634.0
6879.0
6861.0
6691.0
6865.0
6653.0
6638.0
6636.0
6617.0
6910.0
6619.0
6923.0
6752.0
6572.0
6644.0
6653.0
6665.0
6733.0
6336.0
6853.0
6482.0
6534.0
6406.0
6831.0
7035.0
6692.0
6892.0
6566.0
6792.0
6449.0
6285.0
6597.0
6941.0
6871.0
6641.0
6444.0
6633.0
6614.0
6393.0
6838.0
6989.0
6623.0
6878.0
6919.0
6372.0
6649.0
7004.0
6688.0
6346.0
6359.0
6279.0
6426.0
6956.0
6871.0
6326.0
6670.0
6352.0
6336.0
6836.0
6617.0
6796.0
6629.0
6390.0
6879.0
6621.0
6564.0
6897.0
6869.0
6925.0
6572.0
6681.0
6895.0
6690.0
7070.0
6639.0
6628.0
6398.0
6601.0
6655.0
6885.0
6591.0
6816.0
6763.0
6421.0
6655.0
6333.0
6292.0
