highscore:,6679.0
average:,4658.096573033708
0
5549.0
0
5836.0
5257.0
5918.0
5580.0
5301.0
5828.0
6023.0
5580.0
5820.0
4976.0
5859.0
5899.0
0
6057.0
5893.0
6080.0
0
6345.0
5596.0
4726.0
5912.0
0
0
6353.0
6075.0
5895.0
5774.0
5880.0
5930.0
0
5295.0
5016.0
5798.0
6389.0
6093.0
0
5834.0
5327.0
5792.0
5862.0
5643.0
5832.0
5822.0
5121.0
5364.0
6679.0
5813.0
5791.0
6284.0
6173.0
6096.0
5015.0
5829.0
6264.0
6632.0
6076.0
6337.0
0
6328.0
5593.0
5426.0
0
5330.0
0
5603.0
6103.0
5758.0
5806.0
5803.0
5525.0
5636.0
0
5502.0
5055.0
0
5613.0
5378.0
0
5310.0
5553.0
5982.0
6164.0
5326.0
5723.0
6109.0
6090.0
5832.0
5735.0
5540.0
5613.0
6142.0
5587.0
5915.0
5850.0
5859.0
6124.0
5764.0
0
5848.0
5934.0
0
5586.0
4935.0
5583.0
6285.0
0
5703.0
0
5397.0
5803.0
5241.0
5507.0
0
6400.0
6088.0
5555.0
5980.0
5846.0
6072.0
5851.0
0
5845.0
6068.0
5940.0
5481.0
5576.0
0
5299.0
6128.0
5836.0
5801.0
0
5987.0
6129.0
5913.0
6063.0
0
5495.0
5075.0
5802.0
5754.0
6075.0
5783.0
0
5235.0
0
5866.0
5544.0
5823.0
0
6048.0
5935.0
6330.0
6354.0
5892.0
6055.0
6035.0
0
5285.0
5854.0
5900.0
5612.0
5530.0
0
5335.0
5534.0
5865.0
5818.0
0
5814.0
5786.0
6304.0
6065.0
5861.0
0
5836.0
5553.0
5598.0
5536.0
6247.0
5800.0
5544.0
5559.0
5087.0
5557.0
5301.0
5778.0
5871.0
5043.0
6366.0
5864.0
5617.0
6139.0
6162.0
5757.0
5563.0
6097.0
0
5347.0
0
5498.0
6159.0
0
5667.0
0
5565.0
0
5588.0
5880.0
5305.0
5374.0
6287.0
0
5195.0
6174.0
6376.0
5694.0
5863.0
5413.0
5832.0
5500.0
5473.0
5315.0
6074.0
6109.0
5555.0
5544.0
5856.0
5602.0
0
5782.0
0
5884.0
0
5563.0
6401.0
6334.0
0
6140.0
6326.0
6387.0
0
0
5552.0
5870.0
5993.0
0
5464.0
0
5936.0
5834.0
5867.0
0
6162.0
0
6158.0
5531.0
5655.0
5066.0
5581.0
0
5997.0
0
6325.0
6078.0
5867.0
0
5322.0
6335.0
0
5842.0
5093.0
0
5860.0
5565.0
5255.0
0
5868.0
5570.0
5593.0
5553.0
0
5824.0
5736.0
5822.0
5319.0
5564.0
5822.0
6131.0
0
5879.0
6097.0
5852.0
6368.0
5011.0
6125.0
5487.0
5356.0
5780.0
5467.0
6149.0
5541.0
5339.0
6063.0
0
6010.0
5913.0
0
0
5553.0
0
0
5287.0
5973.0
5809.0
5567.0
5777.0
5507.0
5815.0
5310.0
6334.0
5797.0
5801.0
6120.0
0
5857.0
0
5566.0
0
5079.0
5865.0
6373.0
5562.0
5042.0
0
6104.0
6058.0
0
5015.0
0
0
5842.0
0
5663.0
5631.0
6067.0
5495.0
6361.0
6021.0
0
0
6114.0
5833.0
6112.0
5479.0
6076.0
5827.0
5284.0
6119.0
5563.0
0
5532.0
0
0
5787.0
6075.0
6164.0
5813.0
5873.0
5288.0
5808.0
5758.0
5900.0
5602.0
4995.0
5503.0
5523.0
6057.0
5839.0
0
963.9550561797753
5516.0
5785.0
5813.0
5589.0
6097.0
5849.0
5849.0
5598.0
5827.0
6083.0
5812.0
6101.0
0
5891.0
5498.0
0
5887.0
5581.0
5219.0
5632.0
6137.0
5420.0
5587.0
5887.0
6056.0
6078.0
0
5824.0
0
6208.0
5082.0
0
0
5881.0
5834.0
6332.0
5541.0
4775.0
0
0
4984.0
6085.0
4999.0
6044.0
0
6117.0
0
5887.0
5557.0
0
6111.0
5894.0
5730.0
0
6085.0
5807.0
6264.0
5467.0
5794.0
5567.0
5627.0
5581.0
5812.0
0
5732.0
5870.0
5937.0
5816.0
0
5028.0
5740.0
6114.0
6194.0
5617.0
0
0
5399.0
5935.0
5713.0
5602.0
5774.0
5506.0
5786.0
6105.0
5292.0
6100.0
5841.0
5562.0
5301.0
4988.0
5840.0
5595.0
5560.0
0
5063.0
5272.0
6065.0
0
5770.0
6096.0
6134.0
0
0
4981.0
5865.0
5816.0
6078.0
6369.0
5313.0
5239.0
6332.0
5829.0
0
4946.0
5878.0
5751.0
0
5420.0
5353.0
0
5881.0
0
0
5850.0
5556.0
5374.0
0
6202.0
5712.0
0
5319.0
0
6213.0
5859.0
6584.0
6034.0
0
5864.0
6132.0
0
5769.0
5529.0
6674.0
5873.0
0
5553.0
5534.0
5970.0
5338.0
5828.0
5578.0
5634.0
5869.0
5307.0
5802.0
5673.0
0
6070.0
5866.0
5862.0
5837.0
5761.0
5548.0
5560.0
6090.0
5032.0
5641.0
1699.9101123595506
4834.0
5850.0
5866.0
5661.0
6061.0
0
5831.0
5034.0
5546.0
0
0
5814.0
5354.0
5319.0
0
6044.0
0
0
5599.0
5327.0
0
5493.0
6114.0
5392.0
6001.0
6279.0
5351.0
5268.0
6069.0
6346.0
5305.0
0
6344.0
6129.0
0
5263.0
5520.0
6121.0
6328.0
5292.0
5593.0
5360.0
0
5905.0
5597.0
5878.0
5832.0
5562.0
5262.0
5538.0
6153.0
0
5991.0
0
6122.0
0
6052.0
5869.0
5861.0
0
6542.0
0
0
5546.0
6098.0
6129.0
6346.0
5823.0
6100.0
5560.0
5552.0
5556.0
5840.0
0
5246.0
5863.0
5873.0
5623.0
6170.0
5806.0
6047.0
5429.0
6665.0
5082.0
0
5841.0
4999.0
5913.0
5535.0
6055.0
0
5277.0
5847.0
5713.0
5553.0
0
5575.0
0
6150.0
0
5546.0
0
5787.0
0
5455.0
6291.0
6390.0
5414.0
5524.0
0
6079.0
5454.0
5521.0
0
0
5627.0
5278.0
0
0
6083.0
6301.0
6106.0
5628.0
5767.0
0
0
5853.0
6111.0
6274.0
5095.0
5783.0
5612.0
5860.0
5770.0
0
6123.0
5837.0
5551.0
5844.0
5897.0
5632.0
5518.0
6294.0
5719.0
5824.0
4983.0
5558.0
0
0
0
6172.0
6341.0
6082.0
5332.0
5770.0
0
0
0
5595.0
5338.0
5844.0
5583.0
5594.0
5840.0
5828.0
6099.0
5765.0
5872.0
0
6128.0
5330.0
5901.0
5821.0
5853.0
5636.0
5803.0
0
5881.0
0
5833.0
5883.0
6404.0
5790.0
5366.0
0
2344.067415730337
5266.0
5354.0
5632.0
5559.0
0
0
5642.0
6088.0
6124.0
5558.0
5857.0
5800.0
5765.0
0
0
5346.0
5658.0
5784.0
0
5870.0
5818.0
5421.0
5619.0
0
5802.0
5594.0
6067.0
5547.0
6092.0
5651.0
5578.0
5269.0
5804.0
6033.0
6125.0
5277.0
5795.0
5049.0
6149.0
0
4451.640449438202
6073.0
5564.0
6101.0
5297.0
5879.0
5537.0
5551.0
5785.0
5602.0
5634.0
5991.0
6217.0
5630.0
5344.0
5551.0
6280.0
0
5856.0
5582.0
5838.0
5788.0
5781.0
0
0
0
6073.0
0
5315.0
5839.0
0
5293.0
6071.0
5916.0
5816.0
5470.0
6148.0
6448.0
5316.0
5341.0
5900.0
5282.0
6029.0
5845.0
5587.0
6345.0
5278.0
6071.0
5236.0
5001.0
0
5604.0
5849.0
0
5398.0
6301.0
5549.0
5852.0
6217.0
5583.0
5499.0
6330.0
5783.0
0
5659.0
5708.0
6104.0
5578.0
5868.0
5557.0
0
5884.0
4764.0
6414.0
6106.0
6381.0
5855.0
4760.0
5800.0
0
5876.0
4922.0
6148.0
5750.0
6371.0
5865.0
0
6250.0
6139.0
6567.0
6070.0
0
5765.0
5291.0
0
5840.0
5407.0
5797.0
0
5545.0
0
6142.0
6100.0
0
5827.0
5981.0
0
5624.0
5566.0
5621.0
5312.0
0
5570.0
5494.0
6037.0
5569.0
6094.0
6040.0
5844.0
5537.0
6027.0
0
6592.0
6095.0
0
5873.0
6046.0
6067.0
5588.0
5596.0
6287.0
0
5594.0
0
0
5530.0
5826.0
5949.0
5828.0
5818.0
5620.0
6372.0
5306.0
6264.0
5846.0
6102.0
0
5905.0
6103.0
0
5576.0
5261.0
5581.0
5821.0
0
5629.0
5822.0
0
6075.0
5806.0
5884.0
0
5296.0
6366.0
6346.0
6310.0
5951.0
5230.0
6323.0
0
5801.0
5858.0
0
6009.0
6060.0
6419.0
5108.0
5594.0
0
5831.0
0
0
5552.0
5873.0
5087.0
5179.0
5767.0
5849.0
5791.0
6040.0
0
6138.0
5835.0
6308.0
5589.0
5600.0
5385.0
5578.0
5861.0
6033.0
6347.0
5301.0
5572.0
5538.0
5339.0
6247.0
5980.0
5311.0
5560.0
5845.0
6161.0
6139.0
5817.0
6334.0
5816.0
6520.0
0
5538.0
5645.0
5300.0
5537.0
5844.0
