highscore:,6691.0
average:,4623.466247191011
6102.0
5520.0
6143.0
5330.0
6347.0
6016.0
4609.573033707865
5870.0
5569.0
0
6170.0
6111.0
0
5261.0
5348.0
6064.0
5531.0
6323.0
0
0
6461.0
5886.0
5570.0
0
5650.0
5616.0
5353.0
6102.0
0
0
5535.0
5470.0
0
5025.0
6080.0
5584.0
5823.0
6287.0
5551.0
6110.0
5286.0
6193.0
0
6144.0
5815.0
5530.0
0
6119.0
6634.0
5719.0
5874.0
6100.0
5317.0
5800.0
5797.0
5278.0
6151.0
5265.0
5575.0
6162.0
5854.0
5592.0
5616.0
5614.0
6028.0
6205.0
5860.0
5601.0
0
0
6381.0
4784.0
6059.0
5624.0
5507.0
6410.0
5642.0
5403.0
5812.0
6485.0
5820.0
5294.0
5579.0
0
6107.0
5837.0
5585.0
5591.0
5476.0
0
5411.0
6142.0
5780.0
6151.0
5815.0
5365.0
5555.0
6095.0
5928.0
5589.0
5602.0
6464.0
5779.0
5320.0
5834.0
5614.0
5266.0
5270.0
5809.0
0
5453.0
5806.0
0
6199.0
5259.0
5806.0
5856.0
0
0
6399.0
5362.0
5641.0
0
5383.0
0
0
0
5387.0
5650.0
5861.0
5560.0
5377.0
0
5560.0
6131.0
5648.0
5602.0
5357.0
0
5629.0
6394.0
5776.0
0
5512.0
6097.0
5232.0
6166.0
5774.0
6157.0
5300.0
5786.0
5839.0
6028.0
5764.0
6010.0
0
6129.0
5487.0
5815.0
5319.0
6142.0
5074.0
0
5528.0
5638.0
4805.0
5301.0
0
5344.0
5829.0
5401.0
0
5546.0
5726.0
5062.0
0
6353.0
5492.0
5606.0
0
5821.0
5590.0
5637.0
6236.0
6102.0
6088.0
5072.0
5849.0
0
5711.0
0
0
6050.0
5669.0
5579.0
5998.0
5826.0
5915.0
5823.0
5844.0
5902.0
5309.0
6132.0
0
5868.0
5824.0
5858.0
5785.0
0
0
5608.0
5850.0
0
5828.0
6080.0
5801.0
6088.0
5547.0
6067.0
6077.0
5606.0
5152.0
0
5578.0
5564.0
5557.0
5602.0
0
6096.0
6348.0
5797.0
6128.0
5816.0
6122.0
6100.0
5839.0
0
0
5537.0
5802.0
5817.0
5799.0
5868.0
5268.0
0
6147.0
5844.0
5749.0
5451.0
6104.0
6091.0
5817.0
5634.0
5228.0
5297.0
5043.0
5818.0
5575.0
0
5611.0
0
5363.0
5839.0
6140.0
5864.0
5598.0
5464.0
6336.0
0
5818.0
0
5023.0
6105.0
5937.0
5779.0
5916.0
5823.0
5643.0
0
5538.0
5547.0
5572.0
0
5507.0
5439.0
5937.0
5557.0
5618.0
0
6063.0
5309.0
6072.0
5499.0
5858.0
5792.0
5807.0
5331.0
5930.0
6072.0
6411.0
5637.0
5504.0
5976.0
5860.0
5616.0
5867.0
5543.0
5322.0
5281.0
5841.0
0
5873.0
5620.0
6024.0
5607.0
5823.0
5598.0
0
5823.0
0
0
6143.0
5768.0
5649.0
5602.0
5894.0
5873.0
5361.0
5569.0
5725.0
0
0
5989.0
6317.0
5861.0
5381.0
0
5272.0
5604.0
5311.0
6054.0
5726.0
5556.0
5891.0
6088.0
0
5824.0
0
5575.0
5467.0
6416.0
5847.0
6049.0
4992.0
6359.0
5725.0
5237.0
5522.0
6104.0
6125.0
0
5524.0
5808.0
5344.0
6139.0
0
5282.0
6134.0
5773.0
5557.0
5527.0
5301.0
5793.0
5617.0
5749.0
0
6169.0
0
5531.0
5558.0
6063.0
5772.0
5795.0
5888.0
6116.0
5633.0
0
5537.0
5805.0
0
5866.0
5557.0
0
5846.0
5596.0
0
0
5590.0
5988.0
5593.0
5835.0
5800.0
5520.0
5848.0
5805.0
5867.0
6107.0
5856.0
5332.0
5998.0
5490.0
5755.0
5568.0
0
0
5811.0
0
5505.0
6132.0
5100.0
5416.0
5575.0
4983.0
5629.0
5124.0
5374.0
0
0
0
5583.0
5760.0
5543.0
6056.0
5539.0
6339.0
0
6024.0
0
5919.0
5566.0
5822.0
0
0
5527.0
0
5414.0
0
0
5305.0
5544.0
5852.0
5290.0
5808.0
5817.0
5885.0
5278.0
5190.0
5596.0
5527.0
5793.0
0
5549.0
5264.0
5812.0
5561.0
5538.0
6005.0
5332.0
0
5635.0
5510.0
5521.0
5842.0
6024.0
5927.0
5813.0
5552.0
0
5350.0
0
0
5379.0
6093.0
6046.0
5828.0
6130.0
5576.0
5914.0
4766.0
5827.0
5338.0
5636.0
0
6175.0
5875.0
5535.0
0
0
5543.0
0
5497.0
0
0
0
6236.0
0
0
5557.0
5588.0
5577.0
5867.0
5779.0
5371.0
5548.0
0
5802.0
5546.0
5609.0
0
5867.0
0
0
5929.0
5843.0
5790.0
5562.0
5725.0
5281.0
5627.0
5549.0
5651.0
5793.0
5858.0
5012.0
5801.0
0
5550.0
5848.0
0
5916.0
5636.0
5049.0
6117.0
6121.0
5513.0
0
6078.0
0
5721.0
6307.0
6167.0
5614.0
5844.0
6116.0
0
5849.0
5330.0
6334.0
6083.0
5858.0
0
5278.0
5577.0
5887.0
5355.0
5815.0
5072.0
5276.0
6076.0
5861.0
5281.0
5659.0
5516.0
6127.0
5519.0
0
0
6145.0
5810.0
6156.0
5298.0
5808.0
0
0
0
5357.0
5897.0
6377.0
5578.0
6122.0
5863.0
6121.0
6121.0
5545.0
5825.0
0
6381.0
5303.0
5568.0
5011.0
5290.0
5744.0
4979.0
5882.0
0
5829.0
0
5873.0
5546.0
0
5725.0
6117.0
5868.0
5109.0
6336.0
0
5600.0
0
5633.0
5853.0
5651.0
5895.0
5578.0
5984.0
5860.0
0
5723.0
5789.0
5850.0
5594.0
5950.0
5790.0
5219.0
5239.0
6314.0
5928.0
5590.0
0
5563.0
5895.0
5779.0
0
0
6070.0
5223.0
5528.0
5085.0
5606.0
5585.0
0
5478.0
0
5544.0
5316.0
5808.0
6016.0
6080.0
5840.0
5309.0
5816.0
5858.0
5542.0
0
6107.0
5853.0
6061.0
6125.0
5884.0
6414.0
5262.0
6297.0
5569.0
0
5564.0
0
5563.0
0
5531.0
6280.0
5800.0
0
5855.0
6110.0
5636.0
5295.0
5857.0
0
0
6144.0
0
5851.0
6171.0
5600.0
5589.0
6036.0
5585.0
5637.0
5474.0
5555.0
0
6152.0
5752.0
5283.0
5157.0
5290.0
5496.0
5871.0
0
5996.0
5962.0
5547.0
6373.0
5640.0
5586.0
6097.0
5767.0
6081.0
5767.0
6498.0
5782.0
6367.0
5204.0
6106.0
0
4982.0
6169.0
5608.0
6107.0
5310.0
6015.0
5315.0
5783.0
0
5681.0
5551.0
5881.0
3858.5393258426966
5534.0
5560.0
6018.0
0
5938.0
5062.0
5319.0
0
6121.0
6641.0
5874.0
6064.0
0
5795.0
5875.0
6386.0
0
5361.0
6113.0
5923.0
5585.0
0
5591.0
5623.0
5796.0
5841.0
0
0
5910.0
5268.0
0
5582.0
5007.0
5864.0
5357.0
5674.0
5747.0
5567.0
0
6132.0
5806.0
0
0
5817.0
6381.0
0
0
0
5912.0
5043.0
6091.0
6134.0
5866.0
6092.0
0
6106.0
0
6062.0
0
6161.0
0
5800.0
0
5643.0
5397.0
0
6416.0
5846.0
0
5296.0
5809.0
5560.0
5549.0
5480.0
6126.0
6083.0
6075.0
0
5839.0
5798.0
0
5527.0
5541.0
5511.0
6097.0
0
5858.0
5775.0
5814.0
6142.0
5817.0
5848.0
5632.0
5762.0
0
5848.0
5716.0
5592.0
5598.0
5927.0
5316.0
0
6086.0
5366.0
5896.0
5825.0
5866.0
5261.0
5876.0
5828.0
6382.0
0
5887.0
5552.0
4784.0
0
6155.0
0
5497.0
0
5809.0
0
5575.0
5603.0
0
5598.0
0
5557.0
5870.0
0
5890.0
5607.0
5885.0
5858.0
5815.0
6691.0
5562.0
5856.0
0
5539.0
5877.0
5579.0
5834.0
5851.0
5647.0
6168.0
6058.0
6426.0
6286.0
6107.0
0
6095.0
5877.0
5346.0
6296.0
6388.0
5910.0
5295.0
6038.0
5801.0
5243.0
5817.0
5845.0
5086.0
5815.0
5824.0
6354.0
6160.0
5144.0
5870.0
5952.0
4706.134831460674
5542.0
5848.0
0
5627.0
6026.0
5421.0
5842.0
6120.0
5576.0
5869.0
0
0
0
5842.0
5595.0
0
0
6372.0
5879.0
5811.0
5825.0
5825.0
6051.0
5562.0
6361.0
5011.0
5517.0
6443.0
0
5554.0
5881.0
6138.0
5768.0
5865.0
0
0
5406.0
0
0
5564.0
5547.0
0
5558.0
6401.0
5857.0
0
5314.0
6115.0
5611.0
6115.0
5589.0
0
5528.0
5662.0
5572.0
5874.0
0
5651.0
5864.0
0
5913.0
5835.0
5779.0
0
5597.0
0
5890.0
0
5860.0
0
6370.0
5312.0
5608.0
5798.0
5525.0
5827.0
5810.0
6177.0
5791.0
0
5830.0
0
0
6082.0
6356.0
0
5227.0
5897.0
5532.0
5543.0
0
