highscore:,6645.0
average:,4623.693280898877
6030.0
6081.0
5505.0
5743.0
5642.0
4977.0
5340.0
5658.0
5316.0
5858.0
0
5610.0
5671.0
5429.0
6081.0
4982.0
5862.0
5625.0
5025.0
5535.0
6327.0
0
0
5375.0
0
5879.0
5537.0
5562.0
0
5858.0
5322.0
5568.0
4934.0
5333.0
0
5582.0
5893.0
5561.0
5456.0
5852.0
6317.0
5323.0
5824.0
5421.0
5819.0
0
0
5294.0
0
5963.0
5527.0
5286.0
4974.0
6095.0
5615.0
6293.0
5628.0
5582.0
5547.0
0
6098.0
5834.0
6437.0
5820.0
5807.0
5421.0
5780.0
0
6099.0
5946.0
6084.0
5468.0
0
0
5580.0
5833.0
5598.0
5044.0
0
5787.0
5727.0
0
5573.0
0
0
0
6088.0
5649.0
0
5901.0
5785.0
5829.0
5754.0
5717.0
5821.0
5576.0
5545.0
5556.0
5794.0
5336.0
6148.0
6470.0
5819.0
5902.0
5602.0
0
0
6016.0
5582.0
5801.0
5364.0
5232.0
5840.0
6040.0
5754.0
5501.0
5214.0
5774.0
5467.0
5847.0
5285.0
5289.0
5884.0
6115.0
6083.0
5816.0
5508.0
6408.0
5573.0
0
6118.0
5280.0
5812.0
0
6059.0
5814.0
6124.0
5195.0
0
5238.0
5825.0
0
0
6141.0
5529.0
5833.0
6049.0
5890.0
0
5302.0
5901.0
6077.0
5760.0
0
0
6119.0
0
0
5586.0
5827.0
5609.0
5807.0
5854.0
6335.0
5667.0
6024.0
0
5321.0
5475.0
6600.0
5857.0
5845.0
5292.0
5883.0
0
0
0
5296.0
0
0
0
5578.0
5845.0
6099.0
5534.0
5555.0
5852.0
5818.0
5434.0
5499.0
5598.0
5001.0
5585.0
6227.0
0
5321.0
5850.0
5788.0
0
5822.0
5039.0
5519.0
5871.0
5575.0
0
5816.0
5910.0
0
5601.0
5800.0
0
5836.0
5892.0
6368.0
5776.0
0
6102.0
5565.0
5503.0
5819.0
6092.0
5883.0
5864.0
5263.0
6365.0
6041.0
0
0
0
5561.0
0
5764.0
5595.0
0
0
0
5824.0
5849.0
5937.0
5524.0
5291.0
6101.0
6338.0
6112.0
0
5862.0
5780.0
5493.0
6376.0
5489.0
6366.0
5483.0
5289.0
0
5549.0
5041.0
5806.0
6062.0
5819.0
0
0
5944.0
5868.0
5498.0
5607.0
5631.0
5554.0
5831.0
5794.0
5251.0
5846.0
5570.0
5858.0
0
5299.0
0
5329.0
5075.0
5866.0
5550.0
6398.0
5792.0
5514.0
5819.0
5544.0
6133.0
5301.0
5472.0
6145.0
5590.0
0
0
5897.0
5881.0
5271.0
5896.0
3606.820224719101
6125.0
0
5898.0
5526.0
6365.0
5815.0
5911.0
5538.0
6206.0
5616.0
5824.0
5835.0
0
0
5297.0
0
0
5844.0
6119.0
5566.0
0
5329.0
0
5519.0
0
5839.0
0
5421.0
5567.0
5765.0
6548.0
6120.0
5907.0
0
6218.0
5851.0
5879.0
5659.0
0
5758.0
5545.0
5798.0
5826.0
5808.0
0
5982.0
5277.0
5821.0
0
5575.0
5843.0
6081.0
0
5656.0
5816.0
0
0
5800.0
0
5529.0
5609.0
5720.0
5513.0
6138.0
6486.0
0
5824.0
0
0
0
5556.0
0
5618.0
5909.0
5293.0
5551.0
6394.0
5859.0
6105.0
5855.0
0
3041.0224719101125
5326.0
6143.0
5657.0
5491.0
5804.0
0
5550.0
5845.0
5993.0
5891.0
0
5395.0
5424.0
6318.0
0
5826.0
5305.0
5501.0
1044.0337078651685
5294.0
0
6124.0
5606.0
5676.0
6105.0
5845.0
6053.0
5566.0
0
0
5589.0
5796.0
5583.0
5841.0
5738.0
6065.0
5556.0
5832.0
6010.0
0
0
5858.0
6082.0
6304.0
5859.0
5776.0
5312.0
5867.0
6092.0
5872.0
5603.0
5819.0
5600.0
0
5620.0
5666.0
5376.887640449438
5817.0
0
0
5825.0
6272.0
5840.0
6061.0
0
5573.0
4610.370786516854
0
5314.0
0
0
6159.0
5837.0
4983.0
5821.0
5854.0
5545.0
5902.0
5551.0
5852.0
5582.0
5011.0
6182.0
6116.0
0
5571.0
5847.0
5853.0
6063.0
5231.0
5873.0
5613.0
5906.0
5861.0
5457.0
5021.0
5817.0
5552.0
6165.0
5874.0
5589.0
5387.0
0
5630.606741573034
0
6090.0
5645.0
6115.0
0
5834.0
5812.0
5614.0
6120.0
5826.0
0
6082.0
6075.0
5816.0
5601.0
5764.0
6115.0
0
0
5265.0
5811.0
6097.0
6072.0
5796.0
5825.0
5580.0
5776.0
6103.0
5869.0
5379.0
6391.0
5812.0
5519.0
5299.0
5503.0
5594.0
5933.0
6134.0
5511.0
6046.0
0
5279.0
6166.0
0
6383.0
5573.0
6037.0
0
5853.0
5024.0
0
5271.0
6162.0
5589.0
0
0
5324.0
5919.0
6161.0
5928.0
5575.0
5847.0
5726.0
0
5817.0
5870.0
5557.0
5922.0
5271.0
0
5568.0
5891.0
6083.0
5613.0
5905.0
5866.0
6374.0
6091.0
6056.0
0
0
5604.0
5577.0
5876.0
5518.0
0
5610.0
5407.0
6110.0
6067.0
5238.0
5582.0
0
5566.0
5763.0
6392.0
0
5795.0
5359.0
5589.0
5860.0
6077.0
5103.0
6127.0
5561.0
5865.0
5611.0
5599.0
0
5543.0
5341.0
5850.0
6111.0
6338.0
5974.0
6125.0
0
6122.0
5827.0
0
5337.0
5552.0
0
5282.0
6190.0
5812.0
5834.0
6136.0
5510.0
5918.0
5309.0
5526.0
5840.0
5542.0
5574.0
5752.0
6107.0
5979.0
6056.0
6472.0
5869.0
6051.0
5315.0
6368.0
5805.0
5732.0
6002.0
5578.0
5320.0
5887.0
0
0
6047.0
6063.0
0
0
0
5345.0
5814.0
5827.0
6380.0
6132.0
0
5612.0
5815.0
5828.0
5566.0
0
0
0
6394.0
6053.0
0
0
5772.0
5548.0
5323.0
0
0
0
5798.0
6382.0
0
0
5619.0
5002.0
5619.0
5542.0
6046.0
5379.0
5488.0
4987.0
0
0
5362.0
0
6645.0
0
5486.0
5840.0
5851.0
5839.0
5773.0
5615.0
5874.0
5512.0
5582.0
6377.0
5029.0
0
5398.0
6038.0
6067.0
6081.0
0
6007.0
5625.0
5963.0
0
6408.0
6339.0
5908.0
6091.0
5825.0
0
5569.0
5927.0
6183.0
0
5270.0
5328.0
0
5994.0
0
5812.0
0
5845.0
6499.0
5377.0
5725.0
0
5566.0
5609.0
5548.0
5601.0
5920.0
5793.0
0
0
5632.0
5761.0
6143.0
5284.0
5535.0
5030.0
5526.0
5969.0
6229.0
6028.0
5534.0
5646.0
6177.0
5789.0
6099.0
5870.0
5687.0
5960.0
5591.0
6384.0
5604.0
5584.0
6113.0
5560.0
6076.0
6204.0
0
6019.0
0
5507.0
5436.0
0
0
5841.0
5608.0
6098.0
0
6126.0
5090.0
5577.0
6111.0
5702.0
5882.0
5538.0
0
4772.0
5854.0
5322.808988764045
6042.0
6084.0
6187.0
5362.0
5756.0
6128.0
0
6122.0
5869.0
5226.730337078652
5844.0
5244.0
0
0
0
6040.0
5430.0
5876.0
5513.0
5612.0
5811.0
5840.0
5810.0
5882.0
6609.0
5675.0
5803.0
6054.0
6123.0
6182.0
6470.0
5860.0
6077.0
5821.0
0
5810.0
6077.0
6098.0
4703.0
0
5579.0
5336.0
6118.0
5645.0
5872.0
0
0
5784.0
5550.0
5863.0
5599.0
6047.0
0
0
5553.0
5271.0
0
6121.0
6113.0
5832.0
0
5577.0
6155.0
5841.0
0
5353.0
5564.0
5816.0
5494.0
5572.0
0
5508.0
5834.0
5772.0
0
5791.0
0
5841.0
6117.0
5482.0
5220.0
0
5038.0
0
6340.0
6027.0
6034.0
5638.0
5851.0
5977.0
0
5422.0
6098.0
6208.0
5293.0
5832.0
5054.0
5522.0
5520.0
0
6494.0
6022.0
5499.0
5497.0
5627.0
5609.0
5596.0
6290.0
6129.0
5596.0
5789.0
5618.0
5869.0
0
6122.0
5866.0
5925.0
5738.0
5288.0
5946.0
0
4995.0
5202.0
6052.0
5850.0
6125.0
0
6132.0
6129.0
5883.0
5581.0
6092.0
5920.0
5826.0
5871.0
0
5571.0
5214.0
5286.0
0
5302.0
5820.0
5606.0
5653.0
5753.0
5571.0
5771.0
5612.0
5579.0
6077.0
5835.0
5822.0
0
0
0
5236.0
5594.0
5688.0
5501.0
5544.0
6128.0
5857.0
5321.0
5693.0
6316.0
0
5354.0
5549.0
5570.0
5832.0
5824.0
6075.0
6395.0
5634.0
6348.0
5651.0
0
6093.0
5735.0
5827.0
5562.0
5818.0
0
5830.0
5255.0
5785.0
5900.0
6182.0
5501.0
5513.0
5740.0
5590.0
0
5792.0
6162.0
5584.0
5328.0
5524.0
5812.0
6139.0
0
5854.0
6331.0
0
6076.0
5831.0
5803.0
5340.0
5916.0
0
5604.0
5626.0
6409.0
0
5302.0
0
5878.0
5769.0
6026.0
5594.0
