highscore:,9174.0
average:,8228.767142857143
8741.0
6142.714285714286
8358.857142857143
8578.0
8589.857142857143
8778.0
9010.0
7223.142857142857
6653.0
9040.0
8576.857142857143
8819.0
8817.0
8574.857142857143
6486.857142857143
5786.571428571429
9004.0
7869.571428571429
8575.857142857143
8978.0
8279.714285714286
8094.571428571429
8747.0
6497.857142857143
8073.571428571429
8087.571428571429
8451.714285714286
8929.0
8436.714285714286
7934.428571428571
7022.142857142857
8790.857142857143
8576.857142857143
7854.571428571429
8619.857142857143
8938.0
8950.0
8962.0
8753.0
8084.571428571429
6277.857142857143
8441.714285714286
8429.714285714286
9031.0
7352.285714285714
8968.0
8253.714285714286
9018.0
7004.142857142857
8999.0
5790.571428571429
7870.571428571429
3140.4285714285716
8076.571428571429
8953.0
8280.57142857143
8625.857142857143
8441.714285714286
8596.857142857143
8587.857142857143
7152.285714285714
9042.0
8607.857142857143
8593.857142857143
8753.0
5303.285714285714
8771.0
8984.0
8831.857142857143
8205.714285714286
6515.857142857143
8715.0
8830.0
8211.714285714286
9005.0
8586.857142857143
8437.714285714286
7223.142857142857
9034.0
8368.857142857143
8815.0
8979.0
8742.0
8226.714285714286
8074.571428571429
7935.428571428571
8838.0
8962.0
8219.714285714286
8763.0
8260.714285714286
8711.0
8948.0
7856.571428571429
8571.857142857143
9017.0
7936.428571428571
8964.0
9174.0
8237.714285714286
5816.571428571429
8801.857142857143
8976.0
9037.0
5782.571428571429
9017.0
8573.857142857143
8221.714285714286
8985.0
8066.571428571429
8939.0
8746.0
8591.857142857143
7869.571428571429
8796.0
6519.857142857143
8458.714285714286
7035.142857142857
8091.571428571429
8597.857142857143
9004.0
8584.857142857143
8578.857142857143
8809.0
8817.0
7019.142857142857
8968.0
5792.571428571429
8782.0
7863.571428571429
7526.428571428571
8609.857142857143
8082.571428571429
8727.0
8780.0
8989.0
8834.0
7172.285714285714
7230.142857142857
6800.142857142857
8844.0
8101.571428571429
8570.857142857143
8382.857142857143
9003.0
8774.857142857143
8794.0
8569.857142857143
6653.0
8801.0
8594.857142857143
9145.0
7228.142857142857
7373.285714285714
8828.0
8754.0
5773.571428571429
7416.285714285714
8571.857142857143
8606.857142857143
8715.0
8361.857142857143
8575.857142857143
8815.857142857143
8777.0
6164.714285714286
8991.0
8569.857142857143
9015.0
8265.714285714286
8981.0
7723.428571428571
8962.0
8599.857142857143
5582.571428571429
8585.857142857143
7719.428571428571
8430.714285714286
6159.714285714286
9040.0
7745.428571428571
8597.857142857143
7347.285714285714
9034.0
8597.857142857143
7570.285714285714
7723.428571428571
8798.0
7750.428571428571
8747.0
8083.571428571429
7895.571428571429
8577.857142857143
7232.142857142857
8791.857142857143
8797.0
8570.857142857143
7359.285714285714
8978.0
8592.857142857143
9011.0
8620.0
8246.714285714286
8829.0
8587.857142857143
8587.857142857143
8607.857142857143
8833.0
8251.714285714286
8597.857142857143
8572.857142857143
8229.714285714286
8940.0
8775.857142857143
8778.857142857143
8935.0
8782.857142857143
8967.0
8083.571428571429
8712.0
7511.428571428571
8748.0
7868.571428571429
8360.857142857143
8588.857142857143
8090.571428571429
8577.857142857143
8586.857142857143
8830.0
8578.857142857143
8834.0
6858.0
8412.714285714286
7026.142857142857
6155.714285714286
7921.428571428571
8073.571428571429
7398.285714285714
8715.0
8590.857142857143
8277.57142857143
8590.857142857143
8801.0
6505.857142857143
8605.857142857143
8806.857142857143
8975.0
7728.428571428571
8568.857142857143
6872.0
8839.0
8820.0
8962.0
8850.0
8991.0
8589.857142857143
8230.714285714286
8606.857142857143
8227.714285714286
8785.0
5425.428571428571
7347.285714285714
6366.714285714286
7846.571428571429
7353.285714285714
8816.0
8789.857142857143
5793.571428571429
8598.857142857143
7757.428571428571
8835.857142857143
8948.0
8589.857142857143
8979.0
8809.857142857143
8481.714285714286
8956.0
8968.0
8423.714285714286
6522.857142857143
8446.714285714286
8969.0
8571.857142857143
8737.0
5209.428571428571
7032.142857142857
6871.0
8749.0
8948.0
7738.428571428571
7560.285714285714
8416.714285714286
8605.857142857143
8932.0
6774.142857142857
8999.0
8801.857142857143
7935.428571428571
8589.857142857143
8791.0
8455.714285714286
8775.0
8611.857142857143
8445.714285714286
8398.857142857143
8784.857142857143
7208.142857142857
7366.285714285714
8758.0
8434.714285714286
8810.857142857143
7356.285714285714
8954.0
6298.857142857143
8825.0
8957.0
9012.0
7586.285714285714
8962.0
8096.571428571429
8920.0
8622.857142857143
9024.0
8558.857142857143
8594.857142857143
8578.857142857143
8206.714285714286
8784.857142857143
3859.7142857142853
8374.857142857143
8428.714285714286
8962.0
8277.57142857143
8929.0
7208.142857142857
4930.142857142857
8364.857142857143
7722.428571428571
8807.857142857143
8937.0
8230.714285714286
8232.857142857143
7578.285714285714
8805.0
8970.0
9041.0
6491.857142857143
6502.857142857143
8990.0
8241.714285714286
8420.714285714286
8840.0
8585.857142857143
6317.857142857143
5639.428571428571
7741.428571428571
8797.0
8992.0
7015.142857142857
8999.0
6139.714285714286
8086.571428571429
7939.428571428571
8562.857142857143
8572.857142857143
6155.714285714286
8794.0
7227.142857142857
8434.714285714286
9150.0
8558.857142857143
8962.0
8593.857142857143
8789.0
6136.714285714286
8794.0
8081.571428571429
8420.714285714286
7375.285714285714
8440.714285714286
8419.714285714286
6495.857142857143
8785.857142857143
8433.714285714286
8959.0
7711.428571428571
8585.857142857143
8434.714285714286
8592.857142857143
5929.714285714286
8757.0
5279.285714285714
8587.857142857143
7726.428571428571
8455.714285714286
8436.714285714286
9137.0
7360.285714285714
8743.0
4215.857142857143
9013.0
8752.0
8232.714285714286
8431.714285714286
8799.0
8578.857142857143
5803.571428571429
8576.857142857143
8763.0
9144.0
9001.0
8979.0
9009.0
8850.0
7943.428571428571
7368.285714285714
8956.0
7359.285714285714
8818.0
9007.0
8958.0
8101.571428571429
8590.857142857143
5085.285714285714
8373.857142857143
8959.0
8436.714285714286
8259.714285714286
8977.0
8806.857142857143
7246.142857142857
8576.857142857143
8589.857142857143
8957.0
8065.571428571429
7717.428571428571
6512.857142857143
7583.285714285714
8450.714285714286
8585.857142857143
9019.0
7214.142857142857
8572.857142857143
7577.285714285714
8613.857142857143
8970.0
9030.0
8369.857142857143
8635.857142857143
8594.857142857143
8587.857142857143
8455.714285714286
5426.428571428571
7848.571428571429
8181.857142857143
8612.857142857143
8948.0
8737.0
8591.857142857143
8587.857142857143
8559.857142857143
6863.0
7217.142857142857
8193.857142857143
8995.0
8556.857142857143
9028.0
9037.0
6646.0
9033.0
8942.0
8349.857142857143
8567.857142857143
8570.857142857143
9010.0
8429.714285714286
6868.0
8780.857142857143
7362.285714285714
8997.0
8786.0
8594.0
6874.0
8820.0
8769.0
8947.0
8610.857142857143
8602.857142857143
8722.0
8617.857142857143
8986.0
8561.857142857143
8816.857142857143
7383.285714285714
7398.285714285714
8827.0
8777.857142857143
8452.714285714286
8578.857142857143
8809.0
8791.857142857143
5640.428571428571
8120.571428571429
8073.571428571429
7852.571428571429
6355.714285714286
8579.0
7847.571428571429
5565.571428571429
7939.428571428571
8999.0
8423.714285714286
8934.0
8827.0
8590.857142857143
7511.428571428571
8063.571428571429
8440.714285714286
7383.285714285714
8570.857142857143
8786.0
8442.714285714286
8067.571428571429
8756.0
8750.0
6846.0
8788.857142857143
8990.0
7586.285714285714
7216.142857142857
8708.0
8464.714285714286
8552.0
8982.0
8851.0
8228.714285714286
8221.714285714286
7224.142857142857
8591.857142857143
8799.857142857143
8958.0
8592.857142857143
8939.0
8770.0
8373.857142857143
8784.0
8821.0
6887.0
7715.428571428571
9025.0
8947.0
7229.142857142857
8779.857142857143
8395.857142857143
8445.714285714286
8744.0
8999.0
7726.428571428571
8237.714285714286
8215.714285714286
8399.857142857143
8799.0
8797.857142857143
8418.714285714286
8787.0
8815.857142857143
8564.857142857143
7218.142857142857
8255.714285714286
8989.0
8799.857142857143
8423.714285714286
8355.857142857143
8804.857142857143
9016.0
8067.571428571429
8574.857142857143
7738.428571428571
9036.0
6002.571428571429
8809.0
8758.0
8803.857142857143
8213.714285714286
8439.714285714286
6147.714285714286
8777.857142857143
8961.0
8788.0
8807.0
9001.0
5817.571428571429
7721.428571428571
8585.857142857143
8214.714285714286
8953.0
9016.0
8422.714285714286
8830.0
8770.0
8207.714285714286
8571.857142857143
6509.857142857143
8460.714285714286
8775.857142857143
5560.571428571429
8825.0
8777.857142857143
6494.857142857143
8806.0
8988.0
8747.0
8453.714285714286
8791.857142857143
7584.285714285714
5797.571428571429
8587.857142857143
8785.0
8953.0
8577.857142857143
5283.285714285714
6000.571428571429
8570.857142857143
8430.714285714286
7929.428571428571
5083.285714285714
8766.857142857143
6509.857142857143
8961.0
7720.428571428571
8801.857142857143
8816.857142857143
8217.714285714286
8471.714285714286
8589.857142857143
8208.714285714286
8773.0
9008.0
8814.0
8930.0
8992.0
8744.0
8830.0
8781.857142857143
8558.857142857143
8799.0
8983.0
8742.0
8791.0
7000.142857142857
8757.0
8781.0
8226.714285714286
8791.857142857143
8998.0
8937.0
8988.0
8992.0
8841.857142857143
8347.857142857143
8440.714285714286
8969.0
8425.714285714286
8575.857142857143
8973.0
8980.0
8573.857142857143
7216.142857142857
8938.0
8093.571428571429
7380.285714285714
8581.857142857143
6861.0
8440.714285714286
8576.857142857143
8472.714285714286
7388.285714285714
8437.714285714286
8424.714285714286
8596.857142857143
8601.857142857143
8365.857142857143
8568.857142857143
6514.857142857143
6135.714285714286
8595.857142857143
8585.857142857143
8582.857142857143
8096.571428571429
8565.857142857143
8820.0
8995.0
6155.714285714286
8802.0
8996.0
8805.0
8622.0
8812.0
7019.142857142857
8972.0
8763.0
8434.714285714286
8982.0
8293.57142857143
7365.285714285714
8204.714285714286
8824.0
7747.428571428571
8806.857142857143
8773.857142857143
8782.857142857143
8424.714285714286
8808.0
9016.0
3145.4285714285716
8087.571428571429
7000.142857142857
8806.857142857143
8804.0
8808.0
5575.571428571429
8959.0
8077.571428571429
8565.0
8791.857142857143
8805.857142857143
8974.0
8951.0
7342.285714285714
8447.714285714286
8637.857142857143
8793.0
8438.714285714286
8060.571428571429
8468.714285714286
8089.571428571429
8443.714285714286
8584.857142857143
8616.857142857143
8211.714285714286
8785.857142857143
7875.571428571429
9005.0
6155.714285714286
8807.857142857143
7205.142857142857
8838.0
8422.714285714286
8980.0
8238.714285714286
8790.0
8916.0
9034.0
8562.857142857143
7924.428571428571
8987.0
7180.285714285714
8806.857142857143
8076.571428571429
8752.0
8929.0
8827.0
8765.0
8443.714285714286
8587.857142857143
8776.0
8461.714285714286
8841.0
8823.0
8590.857142857143
8585.857142857143
8828.0
8805.0
8824.0
8371.857142857143
8616.857142857143
8236.714285714286
8577.857142857143
8773.0
8071.571428571429
7920.428571428571
7724.428571428571
6349.714285714286
8795.857142857143
5278.285714285714
8375.857142857143
8375.857142857143
9022.0
9035.0
6629.0
8586.0
8576.857142857143
7898.571428571429
8088.571428571429
8805.0
7019.142857142857
8077.571428571429
8582.857142857143
8453.714285714286
6362.714285714286
8580.857142857143
8371.857142857143
8793.0
8260.714285714286
8982.0
8106.571428571429
8597.857142857143
6856.0
8817.857142857143
8584.857142857143
8440.714285714286
8080.571428571429
9014.0
8854.0
8781.857142857143
8743.0
8380.857142857143
8827.0
5812.571428571429
8588.857142857143
8081.571428571429
8827.0
6142.714285714286
8428.714285714286
8796.857142857143
8964.0
8721.0
8106.571428571429
7181.285714285714
7716.428571428571
9007.0
8779.0
6870.0
7927.428571428571
6513.857142857143
6494.857142857143
8075.571428571429
6852.0
8989.0
7209.142857142857
8123.571428571429
8968.0
7706.428571428571
8818.0
9026.0
8070.571428571429
8437.714285714286
9028.0
8090.571428571429
5569.571428571429
8776.857142857143
8289.57142857143
8090.571428571429
8954.0
9008.0
8801.0
3499.5714285714284
8988.0
8430.714285714286
7209.142857142857
8590.857142857143
8287.57142857143
8757.0
8820.0
8567.857142857143
8939.0
8816.857142857143
8449.714285714286
8832.0
8958.0
7736.428571428571
8830.0
8925.0
8935.0
8989.0
9003.0
8777.0
7852.571428571429
6504.857142857143
7711.428571428571
6880.0
8441.714285714286
8435.714285714286
8793.0
8775.857142857143
7557.285714285714
8582.857142857143
8796.857142857143
9028.0
5281.285714285714
8795.857142857143
6504.857142857143
8225.714285714286
6862.0
6821.142857142857
8972.0
8584.857142857143
8596.857142857143
8581.857142857143
7940.428571428571
8824.0
8807.857142857143
8968.0
5924.714285714286
6525.857142857143
7717.428571428571
8780.0
8783.0
5770.571428571429
8773.857142857143
8588.857142857143
7346.285714285714
9015.0
9023.0
8809.0
5801.571428571429
8600.857142857143
8949.0
8427.714285714286
8781.857142857143
8813.0
8244.714285714286
8816.0
8578.857142857143
8393.857142857143
7040.142857142857
7730.428571428571
7234.142857142857
8778.857142857143
8823.857142857143
7202.142857142857
6862.0
8576.857142857143
8778.857142857143
8225.714285714286
8732.0
6855.0
8222.714285714286
8947.0
6137.714285714286
8999.0
8570.857142857143
6497.857142857143
8961.0
8090.571428571429
8430.714285714286
8612.857142857143
8966.0
8756.0
8746.0
8354.857142857143
7883.571428571429
8567.857142857143
8257.714285714286
8436.714285714286
8785.857142857143
8786.857142857143
8433.714285714286
8788.857142857143
8450.714285714286
5642.428571428571
9006.0
8977.0
7709.428571428571
8803.857142857143
8109.571428571429
6139.714285714286
8441.714285714286
9014.0
7571.285714285714
8762.0
9043.0
8945.0
9018.0
8971.0
7600.285714285714
8098.571428571429
6152.714285714286
8796.0
4358.0
8418.714285714286
8421.714285714286
8790.857142857143
7358.285714285714
8562.857142857143
8551.857142857143
8580.857142857143
8827.0
8801.857142857143
8595.857142857143
8579.857142857143
9172.0
8849.0
4570.0
7402.285714285714
7920.428571428571
8224.714285714286
8082.571428571429
8584.857142857143
7573.285714285714
