highscore:,7322.0
average:,7047.15
6880.0
7118.0
6818.0
6945.0
7008.0
7045.0
6876.0
7292.0
6935.0
6845.0
7126.0
7129.0
6875.0
7114.0
7197.0
6878.0
7082.0
7097.0
7151.0
6816.0
6901.0
7067.0
7056.0
6862.0
7021.0
6859.0
7299.0
6911.0
7076.0
7180.0
7174.0
7142.0
7124.0
7271.0
7159.0
6871.0
7160.0
7138.0
6902.0
6856.0
6940.0
7112.0
6896.0
6822.0
7313.0
6953.0
7113.0
7010.0
6925.0
7121.0
7018.0
7150.0
6901.0
7067.0
7095.0
7117.0
6908.0
7143.0
7322.0
6869.0
7105.0
7192.0
6881.0
7074.0
6861.0
7134.0
6893.0
7170.0
7110.0
7099.0
6951.0
7265.0
7154.0
7064.0
7262.0
7164.0
6834.0
7035.0
7057.0
7093.0
7118.0
7172.0
7122.0
6851.0
7035.0
7178.0
7050.0
7093.0
7161.0
6869.0
6900.0
7169.0
7132.0
7102.0
7132.0
6901.0
7144.0
7088.0
7045.0
7004.0
