highscore:,7184.921348314607
average:,6849.983168539326
6977.640449438202
6985.921348314607
6741.202247191011
6739.202247191011
6910.561797752809
6818.483146067416
6955.921348314607
6762.202247191011
6951.0
6843.561797752809
6794.483146067416
6998.921348314607
6835.2808988764045
6858.561797752809
6780.483146067416
6891.842696629214
6700.921348314607
6757.202247191011
6958.640449438202
6829.2808988764045
6962.640449438202
6917.921348314607
6806.483146067416
6671.842696629214
6921.640449438202
6803.202247191011
6884.2808988764045
6682.842696629214
6744.921348314607
6881.561797752809
6885.561797752809
6761.483146067416
6717.842696629214
6997.921348314607
6865.561797752809
6782.921348314607
6789.921348314607
6901.561797752809
6985.921348314607
6767.202247191011
6873.842696629214
6797.202247191011
6940.921348314607
6973.921348314607
6852.561797752809
6984.921348314607
7150.0
6949.921348314607
6840.561797752809
6843.561797752809
6708.123595505618
6762.202247191011
6778.483146067416
6862.2808988764045
6771.921348314607
6851.561797752809
6663.842696629214
6965.640449438202
6967.921348314607
6760.921348314607
6856.561797752809
6844.561797752809
6985.202247191011
6692.123595505618
7184.921348314607
6704.842696629214
6809.483146067416
6951.921348314607
6871.561797752809
6957.921348314607
6987.921348314607
6853.2808988764045
6874.561797752809
6865.842696629214
6833.2808988764045
6871.561797752809
6786.202247191011
6860.561797752809
6873.2808988764045
6946.561797752809
6961.921348314607
6856.561797752809
6887.2808988764045
6887.561797752809
6905.561797752809
6937.640449438202
7038.2808988764045
6651.842696629214
6877.561797752809
6761.202247191011
6988.921348314607
6985.921348314607
6797.483146067416
6871.842696629214
7025.640449438202
6750.921348314607
6875.561797752809
6641.561797752809
6713.921348314607
6792.202247191011
6751.640449438202
6716.921348314607
6731.202247191011
6851.561797752809
6985.921348314607
6738.202247191011
6648.842696629214
6812.2808988764045
7050.0
6772.202247191011
6956.921348314607
6750.202247191011
6857.561797752809
6908.561797752809
6868.561797752809
6650.842696629214
6992.921348314607
6799.2808988764045
6854.561797752809
6766.202247191011
6781.921348314607
6821.483146067416
6888.842696629214
6951.640449438202
6883.2808988764045
6857.561797752809
6903.561797752809
6803.202247191011
6675.842696629214
6636.842696629214
6889.2808988764045
6836.2808988764045
6994.921348314607
6755.202247191011
6855.2808988764045
6806.202247191011
6700.842696629214
6878.561797752809
7010.921348314607
6873.561797752809
6806.483146067416
6748.202247191011
6746.202247191011
6888.561797752809
6779.202247191011
6951.640449438202
6929.842696629214
6862.842696629214
6960.202247191011
6771.202247191011
6949.921348314607
6880.561797752809
6969.202247191011
6769.202247191011
6865.842696629214
6914.921348314607
6874.561797752809
6522.483146067416
6953.640449438202
6962.921348314607
6985.921348314607
6693.123595505618
6857.561797752809
6916.842696629214
6962.921348314607
6675.842696629214
6891.561797752809
6629.842696629214
6825.2808988764045
7039.202247191011
6772.202247191011
6863.561797752809
6982.921348314607
6875.561797752809
6758.202247191011
6731.202247191011
6745.202247191011
6818.2808988764045
6912.561797752809
6877.842696629214
6994.921348314607
6902.561797752809
6923.561797752809
6845.561797752809
6968.640449438202
6841.0
6815.202247191011
6760.483146067416
6871.561797752809
6760.202247191011
6738.202247191011
6895.561797752809
6885.561797752809
6863.561797752809
6771.202247191011
6970.921348314607
6874.561797752809
6868.2808988764045
6568.202247191011
6641.842696629214
6925.842696629214
6849.561797752809
6873.561797752809
6922.561797752809
6864.561797752809
6678.921348314607
6946.640449438202
6822.2808988764045
6841.2808988764045
6744.921348314607
6881.561797752809
6782.202247191011
6925.842696629214
7109.2808988764045
7000.640449438202
6891.561797752809
6888.640449438202
6780.483146067416
6828.483146067416
6837.483146067416
6780.202247191011
6671.561797752809
6706.123595505618
6792.921348314607
6900.561797752809
6752.202247191011
6873.561797752809
6790.483146067416
6846.2808988764045
6738.921348314607
6874.561797752809
6858.561797752809
7001.921348314607
6653.842696629214
6980.921348314607
6881.561797752809
6864.2808988764045
6869.561797752809
6635.561797752809
6630.2808988764045
6651.842696629214
6853.561797752809
6881.561797752809
6771.202247191011
6942.921348314607
6853.0
6635.842696629214
6923.561797752809
6744.921348314607
6897.0
6767.483146067416
6845.561797752809
6929.561797752809
6737.202247191011
6828.561797752809
6870.561797752809
6844.561797752809
6907.0
6779.202247191011
6791.202247191011
6903.561797752809
6923.842696629214
6662.842696629214
7011.921348314607
6877.2808988764045
6874.561797752809
6808.483146067416
6984.921348314607
6791.483146067416
7137.2808988764045
6967.921348314607
6992.921348314607
6655.842696629214
6904.561797752809
6680.842696629214
6868.561797752809
6785.483146067416
6792.202247191011
6883.561797752809
6682.842696629214
6853.561797752809
6835.2808988764045
6789.202247191011
6895.842696629214
6853.561797752809
6888.0
6818.202247191011
6843.561797752809
6806.2808988764045
6881.2808988764045
6766.202247191011
6879.561797752809
6922.842696629214
6869.561797752809
6894.561797752809
6849.2808988764045
6850.2808988764045
6870.561797752809
6921.561797752809
6703.123595505618
6964.921348314607
6996.921348314607
6798.0
6901.842696629214
6761.202247191011
6887.561797752809
6786.202247191011
6783.202247191011
6884.561797752809
6852.561797752809
6832.561797752809
6866.2808988764045
6766.202247191011
6852.561797752809
6836.561797752809
6923.2808988764045
6785.202247191011
6835.561797752809
6997.921348314607
6760.202247191011
6697.842696629214
6952.640449438202
6745.202247191011
6796.202247191011
6875.561797752809
6955.921348314607
6693.842696629214
7008.921348314607
7087.2808988764045
6967.921348314607
6797.202247191011
6724.921348314607
6892.561797752809
6756.921348314607
6810.483146067416
6683.123595505618
7026.921348314607
6882.561797752809
6879.561797752809
6979.921348314607
6919.640449438202
6790.921348314607
6804.202247191011
6847.561797752809
7101.2808988764045
6962.921348314607
6760.640449438202
6757.202247191011
6983.921348314607
6811.202247191011
6888.561797752809
7005.921348314607
6994.921348314607
6909.842696629214
6653.842696629214
6779.202247191011
6778.483146067416
6833.2808988764045
6842.561797752809
6892.2808988764045
6585.202247191011
6735.921348314607
6954.640449438202
6854.561797752809
6898.0
6793.483146067416
6890.561797752809
6786.202247191011
6679.842696629214
6747.921348314607
6742.202247191011
6864.561797752809
7001.921348314607
6753.202247191011
6736.921348314607
6892.842696629214
6872.561797752809
7002.921348314607
6800.2808988764045
6863.561797752809
6977.640449438202
6854.561797752809
7015.921348314607
6962.640449438202
6787.921348314607
6776.202247191011
6776.483146067416
6857.561797752809
6871.561797752809
6676.842696629214
6772.921348314607
6775.202247191011
6672.842696629214
6970.921348314607
6909.842696629214
6982.921348314607
6977.921348314607
6783.202247191011
6980.921348314607
6747.202247191011
6682.842696629214
6865.561797752809
6766.202247191011
6748.202247191011
6849.561797752809
7143.0
6787.483146067416
6909.842696629214
6914.842696629214
6846.561797752809
6698.842696629214
6781.202247191011
6895.842696629214
6847.2808988764045
6810.483146067416
6830.483146067416
6986.921348314607
6900.0
6820.483146067416
7074.2808988764045
6956.921348314607
6780.202247191011
6798.483146067416
6901.2808988764045
6845.2808988764045
6855.561797752809
6962.921348314607
6971.202247191011
6683.842696629214
6873.561797752809
6779.483146067416
6858.2808988764045
6776.202247191011
6745.202247191011
6997.921348314607
7081.2808988764045
6707.123595505618
6841.561797752809
6886.561797752809
6903.640449438202
6711.202247191011
6768.202247191011
6772.202247191011
6921.921348314607
6907.561797752809
6762.202247191011
6779.202247191011
6732.202247191011
6914.561797752809
6709.921348314607
6731.202247191011
6852.561797752809
6966.921348314607
6925.640449438202
6759.202247191011
6919.640449438202
6909.561797752809
6775.483146067416
6863.561797752809
6889.561797752809
6769.202247191011
6863.561797752809
6875.2808988764045
7007.921348314607
6764.202247191011
6830.2808988764045
6863.561797752809
6971.921348314607
6886.561797752809
6658.842696629214
6861.561797752809
6776.483146067416
6651.842696629214
6847.2808988764045
6964.640449438202
6908.842696629214
6865.561797752809
6880.2808988764045
6844.561797752809
6737.921348314607
6625.842696629214
6770.483146067416
6809.2808988764045
6799.483146067416
6851.2808988764045
6830.2808988764045
6831.561797752809
6786.483146067416
7083.2808988764045
6882.0
6842.561797752809
6939.921348314607
6980.921348314607
6819.202247191011
6737.202247191011
6788.202247191011
6857.561797752809
6774.202247191011
6980.921348314607
6756.202247191011
6914.561797752809
6904.561797752809
6765.921348314607
6849.2808988764045
6980.921348314607
6859.561797752809
6740.202247191011
6985.921348314607
6990.921348314607
6813.483146067416
6843.2808988764045
6775.483146067416
6922.640449438202
6604.76404494382
6888.842696629214
6812.202247191011
6764.921348314607
6737.921348314607
6911.842696629214
6783.483146067416
6893.561797752809
6706.921348314607
6846.2808988764045
6851.561797752809
6883.842696629214
6841.2808988764045
6814.202247191011
6894.561797752809
6795.202247191011
6690.842696629214
6966.921348314607
6935.0
6800.2808988764045
6797.202247191011
6928.640449438202
6676.842696629214
6971.921348314607
6893.561797752809
6924.640449438202
6769.640449438202
6960.640449438202
6865.2808988764045
6787.202247191011
6727.202247191011
6988.921348314607
6825.202247191011
6807.202247191011
6860.561797752809
7091.2808988764045
6836.202247191011
6707.640449438202
6799.202247191011
6657.123595505618
6654.842696629214
6864.561797752809
6834.561797752809
6904.561797752809
6717.123595505618
6863.842696629214
6976.921348314607
6797.202247191011
6982.921348314607
6952.921348314607
6873.561797752809
6863.561797752809
6938.921348314607
6856.561797752809
6869.561797752809
7000.921348314607
6991.921348314607
6960.921348314607
6871.2808988764045
6767.921348314607
6866.842696629214
6807.202247191011
6912.842696629214
6932.842696629214
6918.842696629214
6753.202247191011
6880.561797752809
6995.921348314607
6650.842696629214
6779.921348314607
6914.561797752809
6878.561797752809
6811.202247191011
7088.0
6774.202247191011
6873.2808988764045
6845.561797752809
6773.921348314607
6846.561797752809
6730.202247191011
6971.921348314607
6851.561797752809
6856.2808988764045
6961.921348314607
6848.561797752809
6978.921348314607
6823.483146067416
6983.921348314607
6851.0
6969.921348314607
7013.202247191011
6976.921348314607
6680.842696629214
6917.561797752809
6801.202247191011
6978.921348314607
6785.483146067416
6831.561797752809
6887.561797752809
6821.202247191011
6761.921348314607
6970.921348314607
6832.2808988764045
6824.202247191011
6631.842696629214
6858.2808988764045
6675.842696629214
6852.2808988764045
6877.561797752809
6948.640449438202
6795.483146067416
6786.202247191011
6838.2808988764045
6860.561797752809
6851.561797752809
6840.561797752809
6893.561797752809
6877.561797752809
6861.561797752809
6995.921348314607
6670.123595505618
6871.561797752809
6986.921348314607
6685.842696629214
6962.640449438202
6862.561797752809
6893.2808988764045
6884.0
6712.921348314607
6884.561797752809
6928.921348314607
6859.561797752809
6965.842696629214
6790.483146067416
6878.561797752809
6850.561797752809
6682.123595505618
6837.561797752809
6894.842696629214
6786.483146067416
6832.2808988764045
6804.202247191011
6694.123595505618
6669.842696629214
6745.202247191011
6645.842696629214
6841.561797752809
6942.921348314607
6923.640449438202
6873.561797752809
6752.202247191011
6842.561797752809
6899.842696629214
6782.202247191011
6698.123595505618
6885.561797752809
6927.640449438202
6871.561797752809
6887.561797752809
7011.921348314607
6795.202247191011
6893.561797752809
6825.561797752809
6800.202247191011
6908.561797752809
6926.561797752809
6756.202247191011
6933.561797752809
6888.561797752809
6781.202247191011
6746.640449438202
6908.2808988764045
6781.483146067416
7006.921348314607
6865.561797752809
6830.561797752809
6696.842696629214
6921.561797752809
6950.640449438202
7062.2808988764045
6778.202247191011
6843.561797752809
6965.640449438202
6895.561797752809
6948.921348314607
6902.561797752809
6855.2808988764045
6801.202247191011
6994.921348314607
6763.921348314607
6970.640449438202
6752.483146067416
6949.921348314607
6960.921348314607
6872.2808988764045
6793.202247191011
6898.2808988764045
6981.921348314607
6776.202247191011
6727.921348314607
6778.202247191011
6673.842696629214
6833.561797752809
6880.561797752809
6991.921348314607
6812.561797752809
6832.2808988764045
6880.2808988764045
6728.921348314607
7073.2808988764045
6777.202247191011
6776.202247191011
6844.561797752809
6837.561797752809
6964.921348314607
6825.2808988764045
6811.76404494382
6888.842696629214
6949.561797752809
6860.561797752809
6779.202247191011
6993.921348314607
6848.561797752809
6974.640449438202
6779.483146067416
6776.202247191011
6675.842696629214
6853.561797752809
6854.561797752809
6903.0
6960.921348314607
6874.842696629214
6564.483146067416
6977.202247191011
6851.561797752809
6893.561797752809
6894.561797752809
6898.561797752809
6881.561797752809
6667.842696629214
6730.921348314607
6950.921348314607
6960.921348314607
6977.921348314607
6755.202247191011
6881.561797752809
6869.561797752809
6876.561797752809
6840.561797752809
6961.921348314607
6864.561797752809
6804.921348314607
6843.2808988764045
6955.640449438202
6837.561797752809
6990.921348314607
6907.842696629214
6889.842696629214
6914.842696629214
6616.842696629214
6841.2808988764045
6865.561797752809
6786.202247191011
6775.921348314607
6888.561797752809
6843.842696629214
6746.921348314607
7011.921348314607
6953.921348314607
6867.561797752809
6967.921348314607
6911.561797752809
6879.2808988764045
6885.561797752809
7045.2808988764045
6865.561797752809
6800.202247191011
6870.561797752809
6880.561797752809
6891.561797752809
6781.202247191011
6700.921348314607
6875.561797752809
6752.202247191011
6760.202247191011
6760.202247191011
6893.2808988764045
6958.640449438202
6701.123595505618
6856.561797752809
6535.483146067416
6958.921348314607
6906.561797752809
6803.483146067416
6872.842696629214
6771.202247191011
6765.921348314607
6811.483146067416
6794.921348314607
7174.0
6792.202247191011
7010.921348314607
6770.202247191011
7075.2808988764045
6901.561797752809
6653.842696629214
6990.921348314607
6636.842696629214
6997.921348314607
6897.561797752809
6858.561797752809
6632.123595505618
6861.561797752809
6836.561797752809
6847.561797752809
6954.921348314607
7078.0
6780.202247191011
6843.2808988764045
6758.202247191011
6648.842696629214
6698.842696629214
6775.483146067416
6672.842696629214
6879.561797752809
6851.561797752809
6740.202247191011
6982.202247191011
6756.202247191011
6745.921348314607
7000.921348314607
6656.842696629214
6787.202247191011
6851.561797752809
6882.2808988764045
6833.483146067416
6810.2808988764045
6745.921348314607
6997.0
6864.561797752809
6879.561797752809
7043.921348314607
7020.921348314607
6891.561797752809
6852.561797752809
6660.842696629214
6834.561797752809
6937.561797752809
6874.561797752809
6864.561797752809
6832.561797752809
6878.561797752809
6625.561797752809
7001.921348314607
6884.842696629214
6804.483146067416
6664.561797752809
6828.561797752809
6798.2808988764045
6891.561797752809
6792.483146067416
6828.561797752809
6858.561797752809
6752.202247191011
6875.842696629214
6862.2808988764045
6854.2808988764045
6962.640449438202
6886.561797752809
6983.640449438202
6793.483146067416
6877.561797752809
6871.561797752809
6782.202247191011
6989.921348314607
6974.921348314607
6766.202247191011
6987.921348314607
6917.561797752809
6913.561797752809
6887.561797752809
6801.202247191011
6998.921348314607
6744.921348314607
6774.202247191011
6910.561797752809
6922.561797752809
6880.561797752809
6990.202247191011
6734.921348314607
6748.202247191011
6879.561797752809
6875.561797752809
6769.202247191011
6585.483146067416
6834.561797752809
6890.561797752809
6855.561797752809
6724.921348314607
6865.2808988764045
6789.202247191011
6976.921348314607
6831.2808988764045
6841.561797752809
6896.842696629214
6934.842696629214
6752.483146067416
6896.2808988764045
6752.921348314607
6892.561797752809
6882.842696629214
6967.921348314607
6850.842696629214
6837.2808988764045
6911.2808988764045
7009.640449438202
6730.921348314607
6871.561797752809
6844.483146067416
6871.561797752809
6700.561797752809
6700.842696629214
6715.921348314607
6777.202247191011
6860.561797752809
6808.2808988764045
7003.921348314607
6790.483146067416
6785.202247191011
6780.202247191011
6745.921348314607
6981.640449438202
7058.0
7005.921348314607
6877.561797752809
6852.2808988764045
6877.561797752809
6808.202247191011
6772.483146067416
6824.483146067416
6888.561797752809
7000.921348314607
6795.921348314607
6915.842696629214
6780.483146067416
7050.2808988764045
6889.561797752809
6874.2808988764045
6956.921348314607
6745.202247191011
6886.561797752809
6848.561797752809
6944.640449438202
6708.202247191011
6770.921348314607
6778.202247191011
6962.921348314607
6849.561797752809
6904.0
6797.483146067416
6880.561797752809
6848.2808988764045
6856.561797752809
6808.483146067416
6980.640449438202
6733.202247191011
6743.202247191011
6907.842696629214
6872.561797752809
6850.561797752809
6832.2808988764045
6709.202247191011
6890.842696629214
6875.561797752809
6759.921348314607
6895.842696629214
6836.2808988764045
6822.483146067416
6767.483146067416
6990.921348314607
6933.921348314607
6574.483146067416
6830.202247191011
6889.561797752809
6889.842696629214
6989.921348314607
6840.561797752809
